7
6
5
4
3
2
1
2
4
6
10
13
17
19
20
20
18
16
12
9
6
3
2
2
3
4
6
8
10
11
12
12
12
11
9
8
7
5
4
3
2
1
1
1
1
2
4
5
7
8
8
7
5
4
3
4
5
7
10
12
13
11
8
2
-5
-11
-16
-19
-17
-13
-7
1
8
13
15
14
11
6
1
-3
-5
-5
-4
-1
2
5
7
7
7
6
5
4
4
5
5
5
4
3
1
-2
-4
-6
-7
-8
-8
-8
-8
-9
-11
-12
-13
-13
-11
-9
-5
-1
2
5
5
3
0
-4
-9
-13
-16
-17
-16
-15
-12
-11
-9
-9
-10
-11
-12
-12
-12
-11
-9
-7
-5
-5
-6
-8
-10
-14
-16
-18
-19
-19
-18
-17
-17
-17
-17
-18
-19
-20
-20
-19
-18
-17
-16
-16
-16
-17
-18
-18
-18
-17
-15
-13
-11
-9
-9
-9
-10
-11
-11
-11
-9
-7
-4
-1
1
1
0
-2
-6
-11
-15
-18
-19
-19
-18
-15
-12
-9
-7
-7
-8
-10
-12
-15
-17
-19
-20
-20
-21
-21
-21
-22
-23
-25
-26
-28
-29
-29
-29
-27
-25
-22
-20
-17
-15
-14
-13
-15
-17
-20
-23
-27
-31
-33
-35
-35
-35
-33
-32
-30
-28
-27
-26
-26
-26
-25
-25
-24
-23
-21
-19
-17
-15
-14
-12
-11
-9
-7
-3
3
11
21
33
44
56
65
71
74
72
68
61
53
45
38
32
26
21
16
11
4
-3
-10
-16
-19
-20
-19
-15
-11
-6
-4
-4
-7
-12
-19
-26
-31
-34
-34
-31
-26
-21
-17
-15
-15
-17
-20
-24
-26
-26
-24
-20
-15
-9
-5
-2
-2
-3
-6
-9
-12
-15
-15
-14
-12
-9
-6
-3
-1
0
1
1
0
0
0
-1
-1
-1
-1
-1
-1
-1
-1
-1
0
1
3
5
8
9
11
12
11
10
8
5
2
-1
-3
-4
-5
-4
-2
1
4
8
11
14
16
19
21
23
25
26
28
28
28
27
26
25
23
23
24
26
29
32
34
36
36
34
31
28
26
24
25
27
31
35
40
44
47
48
49
49
49
49
50
51
52
53
54
53
52
50
49
47
45
43
41
39
36
33
30
26
24
23
23
23
24
24
23
20
16
10
4
-1
-4
-5
-4
-1
1
3
4
2
0
-4
-7
-9
-10
-8
-5
-1
2
3
3
0
-4
-7
-10
-11
-11
-8
-5
-3
-2
-2
-4
-8
-11
-13
-14
-12
-8
-3
2
6
8
8
6
1
-4
-9
-13
-16
-18
-19
-20
-20
-20
-20
-20
-19
-19
-18
-16
-15
-14
-14
-14
-15
-16
-16
-16
-15
-13
-10
-7
-4
-2
-1
-1
-2
-4
-8
-11
-15
-18
-20
-21
-19
-15
-10
-3
3
7
10
9
5
-1
-9
-16
-22
-26
-27
-25
-22
-17
-12
-9
-6
-6
-7
-8
-8
-9
-8
-6
-4
-2
-1
-1
-1
-2
-4
-4
-5
-4
-3
-2
0
1
1
0
-3
-7
-12
-17
-22
-25
-27
-27
-26
-22
-18
-13
-10
-8
-9
-11
-14
-18
-21
-23
-23
-21
-17
-13
-9
-6
-4
-4
-5
-6
-8
-8
-7
-7
-6
-6
-7
-10
-14
-18
-23
-26
-27
-27
-26
-24
-23
-22
-23
-25
-28
-30
-31
-31
-30
-27
-23
-19
-15
-12
-11
-11
-12
-14
-16
-19
-21
-24
-26
-27
-28
-27
-26
-24
-22
-20
-18
-18
-20
-23
-27
-31
-36
-38
-39
-38
-35
-30
-25
-20
-16
-14
-14
-16
-19
-22
-25
-26
-26
-25
-23
-20
-17
-15
-14
-13
-14
-16
-19
-22
-25
-28
-29
-29
-28
-25
-22
-18
-14
-11
-9
-9
-10
-13
-17
-21
-24
-25
-26
-25
-23
-20
-18
-18
-18
-19
-22
-24
-26
-27
-27
-25
-22
-20
-17
-16
-15
-16
-18
-20
-22
-22
-22
-21
-19
-17
-14
-13
-12
-13
-14
-15
-16
-18
-19
-19
-20
-21
-22
-23
-25
-25
-25
-24
-22
-18
-14
-9
-5
-3
-1
-1
-1
-3
-4
-5
-5
-4
-4
-3
-3
-3
-4
-4
-4
-4
-2
0
3
6
8
9
8
6
3
0
-2
-2
-1
2
5
9
11
11
10
7
4
1
-2
-3
-3
-2
-1
-1
-1
-3
-5
-8
-10
-11
-12
-10
-8
-5
-3
-1
-1
-2
-4
-6
-8
-9
-9
-8
-5
-2
2
4
6
7
7
6
6
5
4
4
3
3
4
6
10
16
25
38
52
68
83
96
105
109
108
102
94
83
73
65
58
54
51
49
46
42
37
30
22
15
9
6
6
9
14
21
27
32
34
34
31
27
21
16
12
9
9
10
12
15
18
19
20
18
16
12
8
5
3
2
3
6
11
16
21
26
30
32
32
31
28
25
23
21
20
21
22
25
27
30
32
33
33
33
32
31
30
30
30
30
31
32
34
35
37
39
40
42
43
43
43
41
40
38
36
34
33
33
34
35
38
40
43
44
46
46
47
47
47
48
51
54
57
61
64
67
68
68
66
65
63
62
62
64
67
71
76
80
84
86
88
88
89
90
91
92
94
95
96
95
92
88
81
74
67
59
53
48
45
43
42
41
41
40
38
36
33
30
26
21
17
13
10
7
5
4
3
3
3
3
2
0
-3
-7
-12
-16
-20
-22
-23
-23
-22
-21
-20
-20
-21
-23
-26
-28
-30
-30
-29
-26
-23
-19
-17
-16
-16
-17
-20
-21
-22
-22
-20
-18
-15
-14
-15
-19
-25
-32
-40
-47
-51
-52
-49
-44
-37
-30
-25
-22
-21
-24
-28
-32
-36
-38
-37
-34
-30
-25
-20
-18
-17
-19
-22
-26
-30
-33
-34
-34
-32
-30
-27
-24
-22
-21
-20
-20
-20
-20
-21
-21
-22
-23
-24
-25
-25
-26
-25
-24
-23
-21
-20
-19
-18
-19
-21
-24
-27
-31
-35
-38
-40
-41
-40
-38
-36
-33
-30
-27
-25
-24
-23
-23
-22
-21
-19
-18
-16
-14
-12
-11
-11
-13
-15
-17
-19
-21
-22
-22
-20
-18
-15
-13
-11
-10
-10
-12
-15
-18
-22
-25
-27
-28
-28
-27
-25
-23
-21
-20
-19
-19
-19
-20
-22
-23
-24
-25
-24
-23
-22
-20
-18
-17
-17
-17
-18
-19
-20
-21
-21
-20
-19
-17
-16
-16
-16
-18
-20
-22
-24
-25
-24
-23
-21
-18
-16
-14
-14
-15
-17
-19
-21
-21
-21
-19
-16
-12
-9
-5
-3
-3
-3
-5
-7
-8
-10
-11
-11
-11
-11
-11
-11
-11
-11
-11
-11
-10
-8
-6
-5
-3
-2
-2
-3
-5
-7
-10
-12
-13
-13
-13
-11
-9
-8
-6
-5
-5
-5
-6
-7
-8
-9
-9
-10
-11
-13
-14
-16
-18
-19
-21
-22
-22
-23
-23
-23
-24
-24
-23
-23
-21
-19
-16
-14
-11
-10
-10
-11
-12
-15
-17
-18
-17
-16
-14
-11
-8
-6
-5
-5
-7
-9
-10
-12
-12
-11
-9
-5
0
7
15
25
36
48
59
69
77
81
81
77
70
60
50
40
32
26
22
19
16
12
7
0
-7
-14
-20
-23
-24
-22
-18
-13
-8
-4
-1
0
0
0
-1
-2
-2
-2
-3
-4
-7
-10
-13
-17
-19
-20
-20
-18
-14
-11
-7
-5
-3
-3
-4
-5
-6
-6
-6
-6
-5
-4
-4
-4
-5
-7
-8
-9
-10
-9
-8
-6
-3
0
3
4
5
4
2
-2
-5
-9
-12
-13
-13
-12
-9
-5
-1
2
5
6
6
5
3
1
0
-1
0
1
4
7
10
13
15
16
17
16
14
13
10
9
7
6
6
6
7
8
10
12
14
17
19
22
25
28
30
33
35
36
38
39
40
42
44
46
49
52
53
54
54
51
48
44
40
37
35
35
36
38
41
43
45
45
44
40
36
31
26
22
18
16
14
14
14
15
15
15
14
13
10
7
4
1
-2
-5
-7
-9
-10
-10
-11
-10
-10
-10
-9
-9
-10
-11
-12
-14
-15
-17
-19
-19
-19
-18
-15
-12
-8
-5
-2
-2
-2
-4
-8
-12
-16
-18
-20
-19
-17
-14
-11
-8
-6
-5
-6
-8
-10
-13
-16
-18
-19
-19
-19
-18
-18
-17
-16
-15
-14
-13
-12
-11
-10
-9
-10
-11
-12
-14
-16
-17
-18
-18
-18
-17
-16
-14
-12
-10
-8
-6
-4
-3
-2
-2
-2
-4
-7
-11
-14
-16
-17
-17
-14
-10
-4
1
5
8
8
6
2
-4
-9
-14
-17
-17
-16
-13
-10
-6
-4
-3
-4
-6
-9
-11
-13
-13
-12
-10
-8
-6
-6
-7
-8
-10
-11
-10
-8
-5
-2
1
3
2
-2
-7
-13
-18
-22
-22
-20
-14
-7
0
6
10
11
9
6
1
-3
-7
-9
-10
-9
-8
-6
-5
-3
-2
-1
-1
0
0
0
-1
-2
-3
-3
-4
-4
-3
-2
-1
0
1
1
0
-1
-3
-4
-6
-6
-5
-4
-2
1
3
4
5
5
5
3
2
0
-2
-3
-5
-6
-7
-8
-8
-8
-8
-7
-6
-4
-2
0
2
4
6
8
10
10
10
10
9
8
7
7
7
9
10
13
14
16
16
15
13
9
6
2
0
-1
-1
1
4
7
11
14
15
15
14
12
9
7
4
3
2
3
4
6
7
8
8
7
6
3
0
-4
-7
-10
-12
-14
-14
-13
-11
-8
-4
0
4
7
8
7
5
1
-4
-9
-12
-13
-13
-10
-7
-3
0
2
1
-1
-5
-9
-12
-14
-14
-12
-9
-6
-4
-3
-3
-4
-5
-4
-1
6
16
29
45
60
75
86
93
96
95
90
83
75
67
59
52
46
40
35
29
22
14
6
-1
-8
-12
-14
-13
-10
-5
1
6
10
11
10
7
2
-3
-8
-12
-14
-15
-13
-11
-8
-6
-5
-4
-5
-6
-7
-7
-7
-6
-5
-4
-4
-4
-4
-3
-3
-2
-1
0
1
1
0
-2
-5
-9
-13
-16
-18
-19
-18
-16
-12
-9
-5
-2
0
2
3
3
3
2
1
0
0
-1
-1
0
1
2
4
5
6
7
6
5
4
3
2
1
2
2
2
2
2
2
1
1
1
3
6
10
14
19
23
26
28
29
29
29
28
27
27
27
28
29
29
30
31
32
32
32
33
33
34
36
37
39
42
44
46
47
48
47
45
43
40
38
37
37
37
38
38
37
35
31
25
20
15
11
9
9
9
10
10
9
6
2
-2
-6
-8
-9
-7
-3
2
5
8
7
4
-1
-8
-14
-20
-23
-24
-22
-19
-15
-11
-8
-7
-7
-9
-13
-16
-20
-22
-23
-22
-20
-16
-12
-8
-6
-5
-7
-10
-14
-18
-21
-23
-23
-22
-19
-17
-16
-17
-19
-23
-27
-31
-33
-33
-31
-27
-22
-15
-10
-5
-3
-2
-3
-5
-8
-11
-14
-16
-17
-18
-17
-17
-17
-16
-17
-18
-19
-22
-25
-28
-30
-32
-32
-31
-29
-27
-23
-20
-18
-17
-16
-16
-16
-17
-17
-17
-16
-16
-15
-15
-14
-15
-15
-15
-14
-13
-11
-9
-7
-5
-4
-3
-4
-6
-9
-12
-16
-19
-21
-23
-24
-24
-24
-23
-23
-24
-24
-25
-25
-25
-24
-22
-18
-15
-11
-7
-4
-3
-4
-5
-8
-12
-15
-17
-19
-19
-18
-17
-15
-14
-13
-13
-14
-15
-15
-15
-15
-14
-13
-13
-14
-15
-18
-21
-24
-26
-27
-26
-24
-21
-18
-14
-12
-11
-11
-12
-13
-15
-17
-18
-18
-18
-17
-16
-16
-15
-14
-13
-13
-13
-13
-14
-15
-17
-19
-21
-23
-23
-23
-21
-19
-17
-14
-13
-12
-12
-13
-14
-15
-16
-16
-16
-15
-14
-12
-11
-10
-8
-7
-5
-3
-1
1
4
6
7
8
8
7
6
4
2
-1
-3
-6
-7
-9
-10
-10
-10
-10
-10
-9
-9
-10
-10
-11
-11
-11
-10
-9
-8
-6
-3
-2
0
0
-1
-2
-5
-8
-12
-15
-17
-18
-18
-16
-13
-9
-5
-2
1
3
4
3
1
-2
-5
-9
-12
-15
-18
-20
-21
-21
-19
-16
-12
-8
-3
1
4
8
11
16
22
31
42
55
69
83
95
104
108
107
101
92
80
67
54
43
35
28
24
21
19
17
14
12
9
7
5
3
2
1
1
1
1
2
3
3
3
2
1
-1
-2
-4
-4
-3
-1
2
5
8
11
11
10
7
3
-2
-6
-9
-10
-10
-9
-7
-5
-4
-4
-4
-5
-7
-7
-7
-6
-4
-1
3
7
10
14
17
19
20
21
22
22
21
21
21
20
19
18
16
14
10
6
2
-2
-5
-6
-5
-1
3
9
15
20
23
24
23
21
18
15
13
12
13
15
18
22
26
29
32
34
35
36
36
36
35
34
33
32
31
32
33
35
39
43
47
51
54
56
57
57
57
58
60
63
67
72
76
79
80
78
74
68
61
54
49
46
45
47
50
53
54
55
53
48
43
37
31
26
22
19
18
16
15
13
10
7
4
2
0
1
2
5
9
13
17
19
20
18
15
10
4
-2
-7
-11
-14
-16
-16
-16
-14
-14
-14
-14
-16
-19
-22
-24
-26
-27
-26
-25
-23
-21
-19
-17
-16
-16
-15
-14
-12
-10
-8
-6
-4
-5
-6
-9
-14
-18
-22
-24
-26
-26
-25
-25
-24
-24
-25
-27
-29
-31
-32
-31
-28
-25
-21
-18
-16
-16
-17
-21
-25
-28
-31
-32
-31
-28
-24
-19
-16
-14
-14
-15
-18
-21
-23
-24
-24
-23
-22
-21
-21
-22
-24
-27
-30
-32
-33
-33
-31
-27
-23
-20
-17
-15
-15
-17
-20
-23
-26
-28
-30
-30
-30
-28
-27
-26
-24
-24
-24
-24
-25
-26
-27
-28
-27
-26
-24
-21
-17
-14
-10
-8
-8
-9
-11
-14
-17
-20
-21
-21
-18
-14
-10
-4
0
3
5
5
4
1
-2
-5
-8
-11
-14
-17
-20
-23
-26
-29
-30
-30
-29
-27
-24
-21
-19
-19
-20
-22
-24
-27
-29
-30
-30
-29
-28
-27
-28
-30
-33
-37
-40
-42
-43
-41
-38
-34
-31
-28
-27
-27
-29
-31
-32
-33
-32
-30
-27
-25
-23
-23
-24
-27
-30
-34
-36
-37
-37
-35
-33
-31
-29
-27
-26
-24
-19
-12
-2
12
28
46
64
80
94
102
107
107
103
96
86
75
63
50
36
21
6
-9
-23
-35
-45
-52
-55
-54
-50
-44
-37
-30
-23
-18
-14
-12
-12
-12
-14
-17
-19
-22
-24
-26
-27
-27
-27
-26
-24
-21
-18
-15
-13
-12
-12
-14
-18
-22
-28
-33
-37
-40
-41
-39
-35
-30
-24
-18
-13
-9
-7
-7
-7
-8
-8
-8
-6
-4
-3
-2
-2
-3
-6
-9
-11
-12
-11
-9
-5
0
4
6
7
6
3
-1
-4
-7
-8
-6
-3
1
4
8
9
9
8
6
3
2
1
3
7
13
20
28
35
42
47
50
51
50
47
44
40
37
35
35
37
39
43
47
50
52
53
52
50
47
43
40
38
36
36
36
38
39
42
44
46
48
49
50
49
48
47
44
42
40
38
35
33
31
29
26
23
19
17
14
13
12
12
11
10
8
4
-1
-6
-12
-16
-18
-18
-15
-11
-6
-1
2
5
5
4
1
-2
-4
-6
-6
-5
-3
-1
1
3
4
4
4
3
1
0
-2
-3
-4
-4
-2
0
3
6
8
9
9
7
3
-2
-7
-11
-14
-14
-13
-9
-5
-1
2
3
2
-1
-5
-8
-11
-11
-9
-5
-1
4
7
8
7
3
-2
-8
-12
-15
-15
-12
-9
-5
-2
-1
-2
-5
-10
-16
-21
-24
-24
-23
-20
-17
-13
-11
-9
-9
-8
-8
-7
-4
0
4
8
11
13
14
13
12
11
11
11
12
13
14
13
11
8
5
1
-2
-4
-4
-4
-3
-2
-3
-6
-10
-14
-19
-21
-22
-19
-15
-9
-4
-1
0
-4
-10
-17
-25
-31
-34
-33
-29
-22
-14
-7
-2
0
-1
-5
-9
-14
-17
-17
-16
-13
-10
-7
-6
-6
-8
-11
-14
-17
-18
-18
-17
-15
-13
-11
-11
-11
-11
-13
-13
-14
-12
-8
-2
7
19
33
49
65
81
95
106
113
115
112
105
95
82
68
54
40
27
14
3
-7
-16
-23
-28
-31
-31
-29
-25
-20
-15
-11
-8
-6
-7
-7
-8
-8
-8
-7
-6
-6
-8
-11
-16
-21
-25
-28
-27
-23
-17
-8
1
9
14
16
14
10
5
-1
-6
-9
-10
-10
-9
-8
-8
-7
-7
-7
-6
-5
-4
-2
-1
-1
-2
-4
-8
-11
-14
-15
-14
-10
-5
0
6
11
14
16
15
13
10
7
4
3
2
3
4
5
7
8
8
8
7
6
5
4
3
3
3
4
6
9
12
16
20
23
26
27
28
27
27
26
26
27
29
33
38
43
48
52
55
56
56
54
51
49
46
45
44
44
44
44
43
42
41
39
38
38
38
39
39
40
39
38
35
33
30
28
27
27
27
26
25
23
19
14
8
3
-1
-4
-4
-3
0
3
5
5
4
1
-4
-9
-14
-17
-18
-17
-14
-11
-7
-5
-4
-5
-7
-9
-12
-14
-15
-16
-15
-15
-15
-16
-18
-21
-25
-28
-30
-30
-29
-26
-21
-16
-11
-6
-4
-2
-2
-3
-4
-5
-6
-5
-5
-5
-5
-6
-8
-10
-12
-14
-15
-15
-14
-13
-12
-11
-11
-11
-12
-12
-12
-12
-11
-9
-7
-5
-3
-1
0
0
1
1
2
2
3
3
4
4
4
4
5
6
8
10
11
12
11
8
4
-1
-7
-12
-15
-17
-16
-14
-10
-6
-4
-2
-3
-7
-11
-17
-23
-27
-30
-30
-29
-26
-22
-18
-15
-13
-13
-14
-16
-18
-21
-22
-22
-22
-21
-19
-18
-18
-18
-19
-21
-23
-25
-26
-27
-26
-25
-24
-23
-23
-22
-22
-22
-21
-20
-19
-18
-17
-17
-17
-17
-18
-19
-20
-21
-20
-18
-15
-10
-3
6
16
28
42
56
70
83
93
100
102
100
94
84
73
62
51
42
34
28
23
18
12
4
-4
-12
-20
-25
-29
-29
-28
-25
-23
-21
-21
-23
-26
-30
-33
-33
-32
-28
-22
-16
-10
-5
-4
-4
-7
-12
-17
-21
-24
-25
-24
-22
-20
-19
-19
-20
-23
-27
-31
-34
-34
-32
-28
-22
-16
-10
-6
-4
-6
-9
-14
-19
-22
-24
-24
-21
-17
-12
-8
-6
-6
-7
-10
-13
-16
-18
-19
-18
-17
-15
-13
-12
-11
-11
-11
-11
-10
-9
-6
-3
0
2
4
4
3
1
-2
-6
-9
-11
-12
-11
-9
-6
-1
3
8
12
15
18
19
19
18
17
16
16
17
19
22
24
27
29
30
30
29
26
24
22
21
22
24
27
30
33
35
35
33
31
27
23
20
18
16
16
15
14
13
10
6
2
-3
-6
-8
-8
-7
-5
-2
-1
-1
-3
-7
-12
-17
-21
-23
-22
-19
-15
-10
-7
-6
-7
-12
-18
-24
-29
-32
-31
-28
-24
-18
-13
-11
-10
-13
-17
-22
-26
-28
-28
-26
-23
-19
-15
-13
-12
-13
-14
-16
-18
-20
-20
-21
-20
-20
-20
-19
-19
-17
-16
-15
-13
-12
-12
-12
-13
-15
-16
-17
-16
-14
-10
-6
-2
1
3
3
2
0
-2
-4
-6
-6
-6
-6
-6
-7
-9
-11
-13
-15
-17
-17
-17
-16
-16
-16
-17
-19
-22
-24
-26
-28
-28
-27
-25
-24
-22
-21
-20
-20
-20
-20
-19
-18
-17
-16
-15
-15
-16
-17
-18
-18
-18
-18
-17
-16
-16
-18
-22
-27
-33
-40
-45
-48
-47
-44
-38
-30
-22
-14
-9
-6
-5
-6
-8
-10
-11
-11
-10
-8
-5
-3
1
5
10
17
26
37
50
63
75
85
91
93
90
82
70
55
41
27
15
5
-1
-5
-7
-8
-10
-11
-13
-16
-18
-20
-20
-18
-15
-10
-5
-1
1
2
0
-4
-9
-14
-17
-19
-18
-15
-10
-4
2
6
7
6
3
-3
-8
-14
-17
-19
-18
-16
-12
-9
-6
-5
-5
-8
-12
-16
-20
-23
-24
-23
-19
-15
-10
-5
-2
0
0
-2
-5
-8
-12
-14
-14
-13
-11
-7
-3
2
5
7
8
7
5
2
-1
-4
-6
-7
-7
-6
-4
-3
-2
-2
-2
-2
-3
-2
-1
2
6
11
15
19
22
23
23
22
20
20
21
23
27
31
36
39
40
39
36
33
29
27
26
28
31
36
40
44
46
45
43
40
37
35
34
34
36
38
39
39
38
36
33
29
26
23
22
22
22
22
22
21
19
17
15
13
11
9
8
6
4
1
-2
-4
-7
-8
-7
-5
-1
3
6
9
9
7
4
-1
-6
-10
-12
-11
-8
-3
1
6
8
9
7
4
-1
-5
-9
-12
-13
-14
-13
-12
-11
-10
-10
-9
-9
-8
-8
-7
-6
-5
-4
-2
-1
2
4
7
9
12
13
14
15
14
14
13
12
12
12
12
12
11
9
7
5
3
1
0
-1
-1
-1
-2
-2
-4
-6
-9
-11
-14
-16
-17
-17
-15
-13
-10
-8
-5
-3
-3
-3
-4
-6
-8
-10
-11
-11
-11
-11
-10
-10
-10
-11
-12
-14
-16
-17
-18
-18
-17
-17
-16
-16
-17
-18
-19
-20
-21
-21
-21
-21
-20
-20
-20
-20
-20
-19
-18
-16
-13
-9
-5
-1
4
8
12
18
25
33
44
55
67
78
86
91
93
91
87
80
73
65
57
49
41
34
26
19
12
6
1
-2
-3
-3
-1
1
2
2
1
-1
-4
-8
-11
-13
-14
-14
-13
-12
-11
-9
-9
-9
-10
-11
-12
-13
-13
-14
-14
-13
-13
-12
-11
-10
-8
-5
-2
0
3
5
6
6
6
4
3
2
2
2
4
5
6
6
5
2
-2
-7
-11
-15
-17
-17
-14
-10
-6
-2
1
1
0
-3
-7
-10
-13
-13
-12
-9
-6
-2
1
3
4
4
4
5
7
9
13
17
20
22
23
23
21
18
16
14
13
13
14
15
17
19
21
23
25
27
29
30
31
31
30
28
25
23
22
22
25
28
34
40
45
49
50
50
47
42
37
33
29
27
27
28
29
29
29
27
24
20
16
12
9
8
8
8
9
10
10
9
6
3
-1
-6
-9
-11
-12
-11
-9
-6
-2
2
5
7
8
8
6
3
-1
-5
-9
-12
-14
-15
-14
-13
-11
-9
-9
-9
-11
-14
-17
-19
-21
-20
-17
-12
-6
0
5
9
10
9
6
3
-1
-4
-6
-7
-6
-4
-3
-3
-3
-4
-5
-6
-5
-4
-1
2
4
6
5
3
-1
-6
-11
-15
-17
-17
-15
-11
-7
-3
0
1
1
-1
-5
-8
-13
-17
-22
-27
-31
-34
-36
-37
-35
-32
-27
-23
-19
-17
-18
-21
-25
-30
-34
-35
-33
-29
-22
-15
-9
-5
-5
-8
-13
-20
-26
-31
-34
-34
-31
-27
-23
-20
-18
-17
-17
-18
-20
-21
-21
-21
-22
-22
-23
-23
-24
-23
-21
-16
-8
3
16
31
46
59
71
80
84
85
83
77
71
63
55
47
40
33
25
17
9
0
-8
-15
-20
-22
-22
-20
-16
-12
-9
-9
-10
-13
-18
-23
-27
-29
-30
-29
-27
-24
-22
-20
-19
-18
-18
-18
-18
-18
-17
-17
-16
-17
-18
-19
-21
-22
-23
-23
-23
-23
-22
-21
-21
-21
-21
-21
-20
-19
-18
-16
-14
-12
-11
-10
-10
-10
-11
-12
-13
-14
-15
-15
-16
-16
-16
-17
-17
-18
-19
-20
-21
-22
-21
-20
-18
-14
-11
-7
-5
-3
-2
-3
-4
-5
-7
-7
-7
-6
-5
-3
-1
0
1
1
2
4
6
9
12
15
17
18
19
19
19
19
19
20
21
22
23
23
22
21
20
20
21
23
27
31
35
37
37
35
30
24
17
12
10
11
14
20
26
31
33
31
26
17
8
-1
-8
-12
-12
-10
-5
1
5
7
7
4
-1
-6
-11
-15
-17
-18
-18
-17
-16
-15
-15
-15
-15
-16
-16
-17
-17
-18
-19
-20
-21
-21
-21
-19
-16
-12
-9
-6
-4
-3
-4
-6
-8
-10
-12
-13
-13
-13
-13
-13
-13
-12
-12
-12
-10
-8
-5
-2
1
4
6
7
6
5
4
2
0
-2
-3
-4
-4
-3
-3
-2
-2
-2
-3
-5
-7
-9
-12
-14
-15
-15
-15
-14
-13
-12
-12
-13
-14
-16
-17
-17
-17
-16
-14
-13
-12
-13
-14
-17
-20
-22
-25
-26
-26
-25
-23
-21
-20
-19
-19
-19
-20
-19
-18
-17
-15
-13
-12
-12
-14
-17
-21
-26
-30
-33
-34
-33
-30
-26
-22
-17
-14
-12
-12
-12
-13
-14
-12
-8
-1
9
23
39
55
71
85
95
100
101
98
91
82
71
61
50
42
34
26
19
12
4
-4
-12
-20
-26
-30
-32
-31
-29
-26
-22
-18
-16
-14
-14
-13
-13
-12
-11
-9
-7
-6
-5
-7
-9
-12
-15
-18
-19
-19
-17
-14
-12
-10
-9
-11
-14
-18
-21
-24
-24
-23
-20
-16
-12
-9
-8
-9
-11
-14
-17
-18
-18
-16
-13
-10
-7
-6
-6
-7
-9
-11
-11
-10
-8
-4
1
5
7
8
6
3
-1
-4
-6
-7
-5
-1
2
5
7
8
7
4
2
1
1
3
5
9
12
15
15
15
14
13
13
14
17
21
25
29
32
32
31
29
27
25
24
25
27
30
33
35
36
36
35
34
33
33
34
35
37
38
38
37
35
32
28
25
22
20
19
18
17
17
16
15
14
13
13
12
10
9
6
4
1
-3
-5
-8
-9
-9
-9
-7
-6
-4
-3
-3
-3
-4
-5
-6
-8
-9
-10
-11
-12
-12
-12
-12
-11
-10
-10
-9
-9
-9
-9
-10
-9
-9
-9
-9
-9
-10
-11
-13
-14
-15
-15
-14
-13
-11
-9
-8
-7
-8
-9
-11
-13
-15
-15
-14
-12
-9
-5
-1
2
3
4
3
2
1
1
1
1
2
3
3
2
1
-1
-4
-6
-6
-5
-3
1
4
7
9
8
6
3
-1
-5
-8
-10
-10
-10
-9
-9
-10
-12
-16
-19
-23
-26
-26
-25
-23
-19
-15
-12
-9
-8
-8
-9
-10
-12
-13
-14
-14
-14
-13
-13
-12
-12
-12
-11
-11
-11
-11
-11
-11
-11
-11
-11
-11
-11
-11
-12
-12
-14
-15
-17
-19
-19
-19
-16
-11
-2
9
23
39
55
71
85
95
101
103
100
94
86
77
68
60
54
48
43
38
32
24
16
8
0
-6
-10
-11
-10
-8
-6
-5
-5
-8
-12
-17
-20
-22
-21
-18
-12
-6
-1
2
2
-1
-6
-12
-17
-20
-20
-17
-12
-7
-2
1
1
-1
-5
-10
-14
-15
-15
-12
-7
-3
1
2
1
-3
-8
-14
-18
-21
-22
-20
-17
-14
-10
-8
-8
-8
-9
-10
-10
-9
-6
-3
1
4
7
8
9
9
9
9
9
10
11
13
14
14
13
12
10
8
6
5
4
5
6
8
10
11
12
12
11
10
9
8
8
9
12
16
22
28
34
41
45
48
49
48
45
40
36
32
29
27
27
29
31
34
36
39
40
41
40
39
36
32
28
23
18
14
12
12
13
16
19
22
23
22
19
13
6
0
-6
-8
-8
-6
-1
4
8
10
10
8
4
-1
-5
-8
-9
-7
-5
-1
2
4
4
3
0
-4
-7
-11
-13
-15
-15
-15
-15
-14
-14
-13
-13
-12
-12
-13
-13
-14
-15
-16
-17
-17
-17
-16
-14
-11
-8
-6
-4
-2
-2
-3
-4
-5
-6
-6
-7
-7
-7
-8
-9
-10
-11
-12
-12
-11
-11
-10
-11
-13
-16
-20
-24
-28
-30
-29
-27
-22
-17
-11
-6
-3
-3
-5
-9
-13
-17
-19
-19
-18
-15
-11
-7
-4
-3
-2
-3
-4
-6
-7
-8
-8
-8
-8
-8
-8
-8
-8
-7
-6
-4
-2
1
4
6
8
8
8
6
4
1
-1
-2
-2
-1
0
2
3
3
1
-1
-5
-9
-13
-16
-18
-18
-16
-14
-10
-7
-5
-4
-5
-6
-9
-12
-14
-16
-16
-16
-14
-12
-10
-8
-7
-7
-8
-10
-12
-14
-16
-16
-16
-15
-13
-12
-12
-12
-14
-16
-18
-20
-20
-19
-17
-15
-12
-10
-8
-6
-4
0
6
16
29
45
62
78
91
100
103
100
91
80
67
54
44
37
33
31
30
29
27
22
17
10
3
-3
-7
-9
-9
-7
-6
-4
-4
-5
-6
-8
-10
-12
-12
-11
-10
-9
-7
-7
-7
-8
-9
-11
-12
-12
-12
-12
-12
-12
-12
-12
-12
-13
-13
-12
-12
-11
-10
-9
-9
-9
-9
-9
-8
-6
-3
1
4
8
10
10
9
5
1
-4
-8
-11
-13
-14
-12
-10
-7
-4
-2
0
1
2
2
3
4
5
6
8
9
9
9
7
4
0
-3
-7
-10
-11
-10
-7
-3
2
8
13
17
19
21
22
22
22
24
26
28
31
34
36
37
36
35
33
31
29
29
29
30
31
33
33
34
33
33
34
35
36
38
41
43
44
43
42
39
36
33
30
27
25
24
22
21
20
18
17
16
15
15
15
15
14
12
9
5
0
-5
-9
-13
-15
-16
-15
-14
-12
-10
-9
-8
-8
-8
-8
-8
-7
-5
-3
-1
1
3
4
4
2
0
-3
-6
-9
-12
-13
-13
-12
-10
-9
-8
-8
-9
-11
-13
-16
-18
-19
-19
-19
-17
-14
-12
-9
-7
-5
-3
-2
-1
-1
-2
-3
-6
-10
-15
-20
-25
-29
-31
-31
-29
-26
-21
-17
-13
-10
-9
-9
-10
-10
-10
-10
-8
-7
-5
-5
-6
-8
-11
-14
-17
-19
-19
-17
-14
-11
-8
-6
-6
-7
-10
-12
-15
-16
-16
-14
-12
-9
-7
-5
-6
-7
-9
-12
-15
-17
-19
-19
-19
-19
-19
-18
-17
-17
-15
-13
-11
-8
-6
-3
-2
-3
-4
-7
-11
-15
-19
-22
-23
-24
-23
-22
-20
-17
-14
-10
-6
-2
2
5
7
8
8
6
2
-2
-7
-11
-14
-16
-15
-13
-10
-7
-4
-2
-2
-3
-6
-10
-14
-18
-21
-24
-25
-25
-24
-23
-23
-22
-22
-21
-20
-19
-18
-16
-15
-13
-13
-14
-15
-18
-21
-24
-25
-26
-25
-23
-21
-18
-17
-16
-17
-19
-21
-22
-23
-24
-23
-21
-20
-19
-18
-19
-19
-19
-17
-13
-5
5
19
34
50
66
78
87
91
91
87
81
73
66
60
55
51
48
45
39
32
23
12
1
-10
-18
-22
-24
-22
-19
-15
-12
-11
-13
-17
-22
-28
-32
-34
-34
-32
-28
-24
-20
-17
-16
-16
-17
-18
-19
-20
-19
-18
-17
-16
-15
-14
-14
-15
-16
-17
-18
-19
-20
-22
-23
-24
-24
-23
-21
-19
-16
-13
-11
-10
-10
-12
-15
-17
-20
-21
-22
-22
-21
-20
-20
-20
-20
-20
-20
-19
-18
-15
-12
-9
-6
-5
-4
-6
-7
-9
-11
-11
-10
-8
-5
-3
-1
-1
-2
-4
-7
-9
-11
-10
-8
-5
0
4
8
10
12
12
11
10
9
10
11
13
15
18
21
24
27
29
30
30
29
27
23
19
15
11
8
8
9
12
17
21
25
28
28
27
24
19
15
10
7
4
3
3
3
3
4
4
3
1
-1
-3
-6
-9
-11
-13
-14
-14
-14
-15
-16
-18
-21
-26
-31
-36
-39
-39
-37
-32
-25
-18
-11
-7
-6
-8
-12
-18
-24
-29
-31
-30
-27
-22
-18
-14
-13
-14
-16
-20
-23
-25
-25
-23
-20
-17
-14
-13
-15
-18
-22
-27
-30
-32
-32
-30
-26
-23
-20
-20
-21
-24
-28
-32
-34
-34
-31
-26
-20
-14
-9
-6
-5
-7
-11
-15
-19
-23
-25
-25
-24
-22
-20
-19
-18
-19
-20
-22
-24
-26
-27
-27
-27
-25
-24
-21
-19
-16
-13
-10
-7
-5
-4
-2
-2
-2
-2
-2
-2
-3
-3
-4
-4
-4
-3
-3
-3
-3
-3
-3
-4
-5
-6
-7
-7
-7
-7
-6
-5
-4
-3
-3
-3
-4
-5
-6
-6
-6
-6
-4
-2
1
4
7
10
12
13
14
12
10
6
2
-3
-7
-10
-12
-12
-12
-10
-8
-7
-6
-6
-7
-9
-10
-11
-12
-12
-12
-12
-12
-12
-12
-12
-11
-9
-7
-3
1
4
6
7
6
3
-1
-5
-8
-10
-10
-8
-5
-2
0
1
0
-2
-5
-6
-6
-2
5
17
32
48
65
80
92
100
103
102
98
91
84
77
70
65
59
54
49
42
33
24
13
4
-5
-12
-15
-15
-13
-8
-2
5
11
16
19
21
21
20
18
16
14
12
11
10
9
9
9
8
7
6
4
2
1
0
-1
0
1
3
6
9
11
13
14
16
17
19
22
26
30
35
38
39
39
35
30
23
17
11
8
7
9
12
16
19
21
21
18
15
12
11
11
14
20
26
33
38
41
41
39
35
32
29
29
32
38
44
51
56
58
57
52
45
38
31
28
28
32
40
49
58
65
69
69
66
62
56
52
50
50
52
56
61
65
68
70
71
70
70
70
70
71
73
74
75
74
73
72
70
68
67
67
67
66
65
63
60
56
51
46
42
38
36
36
36
38
39
41
43
44
44
43
41
39
36
33
31
30
30
31
34
37
39
40
38
35
30
23
17
13
12
14
19
27
35
43
47
49
48
43
38
33
29
28
28
31
33
35
36
34
31
27
24
22
22
24
27
31
33
35
35
32
29
26
25
24
26
30
34
38
41
42
41
37
33
28
25
22
20
20
20
20
20
20
19
17
15
13
10
8
5
2
-1
-4
-6
-8
-9
-10
-11
-13
-14
-17
-19
-22
-23
-23
-22
-18
-14
-9
-6
-4
-6
-10
-17
-25
-34
-42
-49
-53
-56
-56
-55
-54
-52
-50
-50
-49
-49
-49
-50
-51
-52
-54
-56
-57
-59
-60
-61
-60
-59
-58
-57
-56
-56
-56
-58
-60
-62
-64
-65
-65
-65
-64
-63
-62
-63
-64
-66
-70
-73
-77
-80
-82
-83
-83
-82
-81
-79
-78
-77
-78
-80
-82
-86
-90
-95
-99
-102
-104
-105
-105
-105
-105
-107
-110
-115
-121
-128
-136
-143
-150
-155
-160
-164
-167
-170
-172
-173
-171
-167
-158
-146
-132
-117
-102
-90
-82
-78
-78
-80
-83
-85
-83
-77
-68
-57
-46
-37
-31
-30
-31
-35
-40
-44
-45
-44
-40
-33
-27
-20
-15
-10
-6
-2
4
11
20
32
43
54
64
70
74
74
72
67
62
56
49
43
36
28
19
10
1
-8
-15
-20
-22
-21
-17
-11
-4
2
7
10
11
10
9
8
8
9
10
11
12
10
7
1
-5
-11
-15
-16
-15
-11
-5
1
6
9
10
9
6
3
1
-1
-1
-1
0
0
-1
-2
-3
-3
-2
0
4
9
13
17
19
19
17
14
10
6
4
3
4
6
9
13
16
18
20
21
20
19
17
15
13
11
10
11
13
16
20
25
29
31
31
29
25
21
17
14
14
17
22
28
35
41
46
48
48
47
46
44
44
45
47
49
52
54
55
54
53
50
48
46
45
45
46
47
48
49
50
51
51
51
51
51
51
51
51
50
49
47
45
43
41
39
38
37
35
34
32
30
28
25
23
21
19
18
17
17
16
15
14
12
10
7
5
4
3
3
3
4
6
8
11
13
15
17
17
17
15
13
10
7
4
2
1
0
1
2
4
5
5
5
4
2
-1
-3
-6
-7
-8
-9
-8
-6
-4
-1
3
6
9
10
10
9
7
3
0
-3
-6
-6
-5
-3
1
5
8
11
12
11
8
5
0
-4
-7
-8
-8
-6
-3
1
3
5
4
2
-1
-5
-8
-11
-11
-11
-8
-5
-3
0
1
0
-1
-3
-4
-5
-5
-3
0
3
7
10
13
14
14
12
9
5
0
-5
-9
-12
-13
-12
-9
-5
-1
3
5
5
2
-3
-9
-15
-20
-21
-20
-15
-9
-2
5
10
12
11
8
3
-1
-5
-7
-8
-7
-5
-4
-3
-3
-4
-6
-8
-9
-10
-9
-7
-5
-2
0
1
1
-1
-4
-7
-10
-12
-14
-14
-12
-10
-8
-6
-5
-5
-7
-11
-14
-17
-19
-19
-17
-13
-8
-3
1
3
3
1
-2
-5
-8
-11
-12
-11
-10
-8
-6
-5
-5
-6
-7
-8
-9
-10
-10
-11
-11
-11
-12
-12
-11
-11
-9
-8
-6
-5
-4
-5
-6
-9
-11
-14
-16
-16
-15
-13
-11
-9
-7
-6
-6
-7
-8
-10
-12
-13
-13
-12
-11
-10
-9
-7
-6
-5
-4
-4
-5
-6
-7
-9
-11
-13
-14
-14
-13
-10
-7
-4
-1
1
1
0
-2
-4
-6
-6
-6
-4
-2
0
1
1
0
-2
-5
-8
-10
-11
-11
-9
-7
-5
-4
-3
-4
-5
-7
-10
-11
-13
-14
-14
-14
-14
-15
-15
-15
-15
-14
-13
-12
-11
-10
-10
-12
-14
-16
-19
-21
-23
-23
-22
-20
-18
-15
-13
-12
-12
-12
-13
-13
-12
-9
-3
4
15
27
41
54
67
78
86
90
89
86
79
70
61
52
45
40
36
34
31
28
24
18
10
1
-7
-13
-17
-18
-16
-12
-8
-4
-2
-4
-8
-14
-21
-27
-31
-32
-30
-24
-18
-10
-4
0
2
3
1
0
-1
-1
0
2
3
4
3
-1
-5
-11
-18
-23
-27
-29
-28
-24
-20
-14
-9
-4
-1
1
1
1
-1
-2
-4
-6
-7
-8
-9
-9
-8
-7
-5
-2
0
1
2
3
2
1
0
-1
0
2
4
8
12
15
18
19
18
16
13
10
8
6
7
8
9
10
10
8
5
2
-2
-4
-4
-2
4
12
21
31
39
45
48
48
45
40
34
28
23
20
19
19
22
25
30
35
40
45
49
52
53
53
52
49
46
43
41
39
39
39
39
39
37
34
29
23
16
10
4
1
0
0
1
3
5
6
6
6
5
4
3
4
5
7
9
11
12
12
11
9
6
3
-1
-3
-5
-7
-8
-9
-9
-10
-12
-13
-15
-17
-17
-17
-15
-12
-8
-4
0
3
4
4
3
1
-2
-4
-6
-8
-9
-10
-10
-11
-11
-11
-10
-8
-5
-1
2
4
4
2
-1
-6
-11
-15
-17
-16
-14
-10
-5
-2
-1
-2
-5
-9
-13
-15
-16
-14
-10
-6
-1
3
5
5
4
2
0
-2
-3
-4
-5
-5
-6
-6
-6
-5
-3
0
4
7
8
8
6
2
-3
-8
-11
-12
-11
-7
-3
1
3
3
0
-4
-9
-14
-16
-15
-12
-6
1
7
10
11
8
4
-2
-7
-10
-11
-9
-5
0
5
8
8
7
4
-1
-5
-8
-10
-11
-10
-10
-10
-11
-12
-15
-17
-19
-19
-17
-13
-9
-4
0
2
3
2
0
-3
-6
-8
-9
-9
-8
-7
-6
-5
-4
-4
-4
-4
-4
-4
-5
-6
-7
-8
-9
-9
-8
-6
-3
1
4
7
8
8
6
3
-1
-5
-8
-11
-13
-15
-15
-16
-16
-16
-15
-14
-11
-8
-4
0
4
6
8
8
6
5
3
1
1
2
3
5
6
6
4
1
-3
-7
-10
-11
-10
-7
-2
5
11
16
18
18
15
11
5
0
-4
-6
-6
-3
1
5
9
12
14
13
10
6
1
-4
-9
-12
-15
-16
-16
-16
-16
-15
-14
-13
-12
-10
-8
-5
-2
0
1
2
1
0
-2
-4
-6
-7
-8
-9
-9
-9
-9
-9
-9
-8
-7
-6
-5
-4
-3
-3
-2
0
3
9
18
31
47
64
80
94
103
107
105
98
86
73
60
49
39
32
27
22
18
12
6
0
-5
-9
-11
-11
-8
-5
-1
1
1
0
-4
-8
-11
-14
-15
-14
-11
-7
-4
-2
-2
-3
-7
-11
-16
-20
-22
-23
-21
-17
-11
-6
0
4
6
6
4
0
-4
-8
-12
-13
-13
-10
-7
-2
2
5
6
6
5
4
2
0
0
0
1
2
2
1
-1
-4
-8
-13
-16
-19
-19
-17
-13
-8
-1
5
11
15
16
15
12
7
1
-4
-8
-9
-8
-4
1
7
12
15
17
17
15
13
11
11
14
18
23
29
34
38
39
39
36
33
29
26
25
25
25
27
29
31
33
34
34
33
32
29
26
22
18
14
11
9
8
10
14
19
24
30
35
37
37
35
30
23
16
9
3
-1
-3
-2
0
3
6
9
11
12
11
9
6
2
-2
-5
-9
-12
-14
-17
-19
-21
-22
-23
-23
-23
-22
-20
-19
-18
-17
-17
-17
-17
-18
-18
-17
-17
-17
-19
-21
-25
-30
-35
-40
-42
-43
-40
-36
-30
-24
-19
-16
-15
-17
-20
-24
-27
-28
-27
-24
-20
-15
-11
-8
-7
-9
-11
-14
-18
-20
-22
-23
-24
-26
-28
-30
-34
-36
-38
-39
-38
-35
-31
-26
-22
-20
-20
-22
-25
-29
-32
-34
-33
-28
-21
-13
-3
5
11
14
13
8
2
-6
-14
-20
-23
-24
-23
-20
-17
-14
-12
-12
-12
-14
-15
-16
-16
-15
-12
-10
-7
-5
-5
-5
-7
-9
-10
-11
-10
-8
-6
-3
-1
0
-1
-3
-7
-11
-14
-17
-17
-16
-13
-9
-5
-3
-2
-2
-5
-8
-12
-16
-18
-18
-17
-14
-10
-5
-2
2
3
4
3
1
-2
-4
-6
-7
-6
-5
-3
-1
0
1
0
-3
-7
-11
-15
-18
-18
-17
-14
-10
-5
-2
-1
-2
-6
-12
-18
-23
-26
-27
-26
-24
-21
-19
-19
-21
-26
-32
-37
-41
-42
-39
-32
-23
-13
-4
3
7
7
5
0
-5
-11
-16
-19
-19
-17
-13
-5
5
18
32
48
63
77
88
94
96
92
84
73
61
50
39
31
24
19
14
9
2
-6
-14
-22
-28
-31
-31
-28
-22
-16
-11
-7
-6
-9
-14
-20
-27
-32
-35
-35
-33
-29
-25
-20
-16
-14
-12
-11
-11
-11
-11
-11
-12
-14
-17
-20
-24
-27
-29
-29
-28
-25
-21
-16
-13
-10
-9
-10
-12
-15
-18
-20
-21
-21
-21
-21
-21
-22
-23
-24
-24
-24
-22
-20
-16
-13
-9
-7
-6
-7
-8
-10
-12
-13
-13
-12
-10
-8
-7
-7
-7
-8
-9
-10
-9
-7
-4
-1
2
5
6
7
6
4
3
3
4
5
8
11
13
14
14
13
11
8
6
4
5
6
9
12
16
19
22
24
25
25
25
25
27
29
31
35
38
40
41
40
37
33
27
20
13
7
3
0
-2
-2
-1
0
1
1
1
0
-2
-4
-7
-10
-13
-15
-18
-20
-22
-24
-25
-26
-26
-26
-25
-25
-24
-23
-22
-21
-20
-19
-18
-17
-16
-16
-16
-18
-20
-23
-26
-30
-33
-35
-36
-36
-35
-33
-30
-28
-25
-24
-23
-22
-23
-24
-25
-26
-28
-28
-29
-29
-30
-30
-32
-34
-36
-38
-40
-42
-42
-40
-37
-32
-25
-19
-12
-8
-5
-4
-5
-7
-10
-11
-10
-7
-1
6
14
22
28
32
33
31
27
22
17
13
10
8
8
9
10
12
15
16
18
19
20
20
20
19
17
13
10
6
2
0
-2
-2
-1
2
5
8
10
12
13
14
14
15
16
17
19
22
24
26
27
27
27
25
22
19
16
13
10
9
8
8
9
11
13
15
16
16
15
12
7
1
-5
-12
-17
-21
-23
-22
-19
-15
-11
-6
-3
-1
-1
-2
-3
-4
-5
-5
-4
-2
0
2
3
3
3
1
0
-1
-2
-1
-1
0
0
-1
-4
-7
-10
-13
-14
-12
-6
3
16
32
49
66
82
95
105
111
114
114
111
106
98
89
78
66
53
39
26
15
6
-1
-4
-3
0
6
12
19
24
28
29
29
28
26
23
22
22
23
25
28
30
31
31
30
28
27
26
27
30
35
40
45
49
52
52
52
50
48
46
46
48
50
52
54
53
51
46
40
33
27
23
22
23
27
32
38
43
45
45
42
38
32
26
20
17
15
16
17
19
21
22
23
23
22
21
21
20
20
19
18
17
15
14
14
14
17
20
24
27
30
31
30
26
22
18
16
15
18
23
30
37
43
48
49
48
44
40
37
35
36
38
42
46
49
50
49
46
41
36
31
28
28
30
34
39
44
48
50
50
49
45
40
33
27
21
16
12
9
8
9
10
12
13
14
14
13
11
9
5
2
-1
-5
-7
-10
-12
-14
-16
-17
-18
-19
-20
-20
-20
-20
-19
-18
-17
-16
-14
-13
-13
-14
-16
-19
-22
-26
-30
-33
-34
-34
-33
-31
-28
-26
-25
-25
-25
-27
-29
-30
-31
-30
-29
-27
-24
-21
-18
-16
-16
-16
-18
-21
-26
-31
-37
-42
-46
-48
-48
-45
-40
-34
-28
-22
-18
-16
-15
-17
-19
-21
-22
-22
-20
-18
-16
-15
-15
-16
-19
-22
-24
-26
-26
-25
-23
-20
-17
-16
-15
-16
-18
-21
-23
-23
-23
-20
-17
-13
-9
-6
-3
-2
-2
-3
-4
-5
-7
-9
-11
-14
-17
-20
-22
-25
-26
-28
-29
-29
-29
-30
-31
-32
-32
-33
-32
-30
-27
-24
-19
-16
-14
-14
-15
-20
-25
-32
-38
-44
-48
-49
-48
-45
-40
-34
-27
-21
-16
-12
-11
-11
-13
-16
-19
-22
-24
-25
-26
-26
-27
-28
-30
-31
-31
-29
-22
-11
6
26
49
71
90
104
111
110
103
90
73
56
40
27
16
8
2
-4
-9
-15
-22
-28
-33
-36
-38
-38
-36
-33
-30
-27
-25
-23
-22
-22
-21
-20
-19
-18
-17
-16
-15
-15
-16
-17
-18
-19
-20
-21
-22
-23
-24
-25
-28
-30
-32
-34
-35
-34
-32
-28
-24
-20
-17
-15
-15
-16
-19
-21
-24
-25
-25
-23
-20
-17
-13
-10
-8
-7
-7
-7
-8
-10
-11
-13
-14
-15
-16
-17
-17
-15
-13
-10
-6
-2
2
4
6
6
4
1
-2
-5
-8
-10
-10
-9
-7
-4
-1
3
6
8
10
11
11
11
10
10
9
8
7
6
6
5
5
5
6
7
10
13
17
22
26
31
34
37
39
40
40
38
36
33
29
24
19
15
12
10
9
10
13
16
19
21
21
19
15
10
4
-2
-8
-12
-14
-14
-13
-12
-10
-9
-9
-9
-10
-11
-12
-13
-14
-14
-15
-16
-17
-18
-18
-18
-18
-16
-15
-14
-13
-13
-14
-15
-17
-19
-20
-21
-20
-20
-19
-18
-18
-19
-21
-23
-26
-29
-30
-31
-31
-30
-27
-24
-20
-15
-11
-8
-5
-4
-4
-5
-6
-9
-11
-12
-13
-12
-10
-8
-5
-4
-3
-5
-8
-12
-16
-20
-23
-23
-21
-17
-12
-7
-3
-2
-3
-6
-11
-16
-19
-20
-19
-14
-8
-1
5
9
11
11
9
6
3
1
0
1
3
6
8
10
11
10
8
5
1
-4
-9
-13
-17
-20
-22
-23
-23
-22
-20
-19
-17
-17
-17
-17
-17
-17
-16
-15
-13
-10
-8
-6
-5
-5
-6
-7
-8
-9
-9
-10
-10
-11
-11
-12
-14
-16
-18
-20
-23
-25
-26
-27
-27
-27
-25
-23
-20
-18
-15
-14
-12
-10
-8
-4
3
13
26
42
59
75
88
97
101
99
92
82
70
58
48
39
32
27
22
17
11
3
-5
-13
-20
-25
-26
-25
-21
-16
-11
-8
-7
-9
-13
-19
-25
-29
-30
-29
-23
-16
-7
2
8
12
11
8
3
-3
-8
-12
-14
-14
-13
-12
-12
-13
-14
-17
-19
-20
-19
-17
-14
-10
-6
-3
-2
-3
-5
-8
-11
-12
-13
-11
-9
-6
-3
-1
1
0
-1
-3
-5
-7
-9
-10
-11
-10
-9
-6
-4
0
3
6
8
9
9
8
7
5
5
5
6
8
10
12
13
13
12
11
10
10
12
15
19
24
28
30
30
28
25
21
17
16
16
19
24
30
35
40
42
43
41
39
37
35
35
35
36
37
38
38
37
35
33
31
29
29
29
29
29
29
28
27
25
23
22
20
20
20
20
19
18
16
13
9
4
-1
-5
-9
-11
-12
-13
-12
-11
-10
-9
-8
-7
-6
-5
-4
-3
-1
0
1
2
2
0
-2
-5
-8
-10
-11
-11
-9
-6
-3
0
1
1
0
-3
-6
-9
-11
-13
-13
-12
-12
-11
-11
-12
-14
-16
-17
-19
-19
-18
-16
-14
-11
-9
-6
-4
-3
-1
2
4
7
10
13
15
15
14
12
9
6
2
0
-2
-2
-1
1
3
4
6
6
6
5
4
2
1
1
1
2
3
6
8
10
11
11
9
7
3
-1
-5
-9
-11
-12
-12
-11
-9
-7
-6
-5
-4
-4
-4
-5
-6
-6
-7
-8
-9
-10
-10
-9
-8
-7
-5
-5
-4
-6
-8
-11
-14
-17
-19
-19
-18
-16
-13
-11
-9
-9
-9
-10
-11
-12
-11
-9
-6
-3
1
4
7
9
11
15
22
30
42
55
68
80
88
92
91
84
74
62
49
37
27
20
14
10
6
3
-1
-4
-7
-9
-10
-9
-7
-4
-1
0
0
-2
-6
-10
-15
-19
-22
-22
-22
-20
-17
-14
-11
-9
-8
-8
-8
-9
-10
-10
-9
-8
-5
-3
0
2
3
3
2
1
-1
-3
-3
-3
-1
2
5
6
7
6
4
0
-3
-6
-8
-8
-7
-5
-3
-2
-2
-4
-6
-9
-12
-13
-12
-11
-8
-4
-1
1
2
4
5
6
8
11
14
16
17
16
14
11
7
5
4
5
8
12
17
23
27
30
31
31
30
28
26
23
21
18
16
15
14
15
16
20
23
27
30
32
32
31
28
26
24
24
25
28
31
35
36
36
33
28
22
16
12
10
10
13
16
20
21
21
19
15
10
5
1
-1
-1
1
3
4
5
5
4
1
-3
-7
-10
-13
-15
-16
-16
-16
-15
-14
-13
-12
-13
-13
-14
-16
-18
-19
-20
-21
-20
-19
-18
-16
-14
-13
-12
-12
-13
-15
-17
-19
-21
-22
-23
-22
-21
-20
-18
-16
-15
-14
-14
-14
-16
-17
-19
-21
-21
-21
-20
-19
-17
-15
-13
-12
-12
-12
-13
-13
-13
-13
-12
-10
-7
-5
-3
-2
-2
-2
-3
-3
-3
-3
-1
1
3
6
7
8
8
7
5
3
1
-1
-3
-5
-7
-9
-11
-14
-16
-17
-18
-19
-18
-17
-16
-14
-12
-11
-10
-10
-11
-12
-13
-15
-17
-19
-21
-22
-22
-22
-21
-19
-16
-13
-10
-8
-7
-8
-10
-13
-16
-20
-22
-23
-22
-21
-19
-17
-16
-16
-16
-18
-20
-21
-22
-22
-22
-20
-19
-18
-18
-19
-20
-21
-21
-19
-15
-7
4
19
35
52
68
81
90
93
91
84
72
59
44
30
19
10
4
1
-2
-5
-8
-13
-19
-25
-31
-34
-36
-35
-31
-26
-21
-16
-12
-11
-11
-12
-14
-16
-17
-18
-17
-16
-15
-14
-15
-16
-18
-19
-21
-21
-21
-19
-16
-13
-9
-7
-5
-5
-7
-10
-13
-17
-19
-21
-21
-19
-16
-11
-6
-2
1
3
3
1
-2
-6
-11
-15
-18
-19
-19
-18
-16
-13
-10
-8
-6
-6
-6
-7
-9
-11
-12
-12
-11
-9
-5
-1
4
9
13
15
17
16
15
14
13
13
15
18
22
26
29
30
30
27
23
18
14
10
8
7
8
10
12
14
15
16
16
17
19
21
24
27
31
34
36
37
37
37
35
34
32
31
29
28
26
24
23
21
20
19
18
17
17
16
14
13
10
7
5
2
-1
-3
-4
-5
-6
-6
-6
-6
-6
-6
-6
-7
-8
-9
-10
-12
-13
-13
-13
-12
-11
-9
-7
-6
-6
-7
-9
-11
-14
-16
-18
-18
-17
-15
-13
-10
-9
-9
-10
-13
-16
-18
-20
-22
-22
-21
-20
-20
-20
-22
-24
-27
-29
-30
-29
-26
-20
-13
-6
1
5
8
8
6
3
0
-2
-3
-2
-1
1
3
4
3
1
-2
-4
-6
-6
-4
-2
1
3
4
4
3
1
-1
-1
0
3
7
11
14
16
15
13
9
4
0
-4
-6
-7
-7
-7
-6
-6
-5
-5
-4
-3
-2
-1
-1
-2
-5
-9
-13
-17
-20
-20
-18
-13
-8
-2
2
4
4
1
-4
-9
-13
-16
-17
-17
-15
-12
-10
-8
-7
-8
-9
-10
-11
-12
-13
-14
-15
-15
-16
-17
-18
-17
-16
-13
-9
-3
4
13
23
34
47
59
71
81
89
92
91
86
76
64
51
38
27
18
12
8
6
5
4
3
1
-1
-3
-5
-6
-6
-6
-7
-8
-9
-12
-14
-16
-16
-16
-15
-12
-10
-9
-8
-9
-11
-14
-16
-17
-17
-15
-11
-7
-2
2
4
4
3
0
-3
-5
-7
-7
-6
-5
-5
-5
-5
-7
-8
-10
-10
-9
-6
-3
1
4
5
5
2
-1
-5
-9
-11
-12
-11
-9
-6
-3
0
3
5
7
8
9
9
9
8
5
3
0
-2
-3
-2
1
7
14
20
26
30
31
29
24
18
11
6
3
2
4
8
13
18
22
24
24
22
20
18
17
18
21
26
31
37
42
45
46
46
44
41
38
36
34
34
33
33
32
30
28
25
23
20
18
16
15
14
13
13
13
12
12
12
12
12
11
10
8
5
2
-1
-4
-5
-6
-5
-3
-1
0
1
0
-2
-6
-9
-13
-16
-17
-18
-16
-14
-11
-8
-6
-4
-4
-6
-8
-11
-15
-18
-19
-20
-19
-16
-13
-9
-5
-1
2
3
3
2
1
-1
-4
-6
-8
-10
-12
-13
-14
-14
-13
-11
-8
-5
-2
1
3
3
2
0
-3
-6
-9
-11
-12
-11
-9
-7
-5
-3
-2
-2
-4
-5
-7
-9
-9
-9
-7
-5
-1
3
7
10
13
14
15
14
12
10
8
7
6
7
8
10
12
14
15
16
15
14
11
9
7
6
5
4
4
4
3
2
0
-3
-6
-8
-9
-9
-7
-4
0
4
8
10
10
7
2
-4
-11
-16
-20
-21
-19
-14
-7
0
7
13
16
16
15
12
8
4
1
-2
-5
