-4
-1
0
0
-1
-5
-8
-12
-14
-14
-12
-9
-5
-1
1
1
0
-2
-4
-7
-8
-8
-7
-5
-3
-2
-1
-1
-2
-3
-5
-6
-7
-8
-7
-7
-6
-5
-4
-3
-3
-3
-3
-3
-2
-2
-2
-1
-1
-1
-1
-2
-3
-4
-4
-5
-5
-4
-3
-2
-2
-1
-2
-2
-3
-4
-5
-6
-6
-6
-5
-4
-4
-4
-4
-5
-5
-5
-5
-4
-4
-3
-2
-1
-1
-1
-1
-2
-2
-2
-2
-1
0
0
1
1
1
0
-1
-1
-2
-3
-3
-2
-1
1
3
5
7
9
10
10
9
8
6
4
2
0
-2
-3
-3
-3
-3
-3
-4
-4
-4
-5
-6
-6
-7
-6
-6
-6
-5
-4
-4
-3
-3
-3
-3
-3
-3
-3
-3
-3
-3
-3
-2
-2
-3
-3
-5
-6
-8
-9
-10
-9
-7
-1
8
21
37
56
76
95
113
126
133
134
127
113
93
69
42
16
-9
-30
-46
-57
-63
-64
-63
-59
-54
-48
-43
-39
-34
-29
-25
-20
-15
-10
-6
-2
0
1
2
1
0
-1
-2
-2
-1
1
3
5
6
7
7
7
6
5
4
4
4
5
5
6
6
6
6
5
4
4
4
4
5
6
8
9
10
10
11
11
12
12
13
14
15
16
17
17
17
17
17
17
18
19
21
24
26
29
31
32
32
33
33
33
34
35
37
39
42
44
46
48
49
49
49
49
49
49
49
49
49
49
49
49
48
47
46
45
43
41
39
36
33
29
25
21
17
13
10
7
4
2
1
-1
-3
-4
-6
-7
-8
-8
-9
-9
-10
-11
-12
-13
-14
-15
-15
-15
-14
-14
-13
-13
-14
-14
-16
-17
-18
-19
-19
-19
-19
-19
-19
-19
-19
-19
-19
-19
-19
-18
-17
-17
-17
-18
-19
-19
-20
-21
-20
-20
-19
-18
-17
-16
-16
-16
-17
-17
-17
-17
-17
-17
-16
-16
-16
-16
-16
-17
-17
-18
-18
-18
-17
-17
-17
-17
-16
-16
-16
-16
-16
-15
-15
-14
-14
-14
-14
-15
-16
-16
-17
-17
-16
-16
-15
-14
-13
-12
-12
-12
-13
-14
-15
-16
-16
-17
-17
-17
-17
-18
-18
-19
-20
-20
-20
-20
-20
-19
-19
-19
-19
-19
-19
-19
-19
-19
-18
-18
-17
-17
-17
-17
-17
-18
-18
-19
-19
-19
-19
-18
-18
-18
-18
-17
-17
-17
-17
-17
-17
-18
-18
-18
-18
-18
-17
-16
-15
-14
-13
-13
-13
-15
-16
-17
-18
-18
-17
-16
-14
-12
-11
-10
-11
-12
-13
-14
-15
-15
-14
-12
-10
-8
-6
-4
-3
-2
-2
-3
-4
-5
-7
-8
-11
-13
-15
-16
-18
-18
-18
-17
-17
-16
-15
-15
-15
-16
-16
-17
-17
-17
-17
-16
-15
-15
-15
-15
-16
-17
-18
-19
-19
-19
-17
-16
-14
-13
-13
-14
-15
-16
-16
-14
-9
0
13
30
50
71
92
109
122
129
129
121
106
84
59
31
4
-21
-42
-59
-69
-75
-75
-72
-67
-61
-54
-48
-43
-38
-34
-30
-25
-21
-16
-12
-9
-6
-4
-4
-3
-3
-4
-3
-3
-2
-1
0
0
0
1
1
1
1
1
1
2
2
3
3
2
2
2
2
3
3
4
4
4
5
5
5
5
6
7
8
9
10
11
11
11
11
11
11
12
13
14
16
17
18
19
20
21
21
23
24
26
28
31
33
35
36
37
38
39
40
41
42
44
45
47
49
50
51
53
54
54
55
55
55
55
54
52
51
49
46
44
42
39
36
33
30
27
23
20
16
14
11
9
8
7
5
4
2
0
-2
-4
-6
-7
-7
-7
-7
-6
-6
-7
-8
-9
-11
-12
-14
-14
-14
-13
-12
-10
-9
-8
-7
-8
-8
-9
-10
-11
-11
-11
-11
-10
-10
-10
-9
-9
-8
-8
-8
-7
-7
-7
-7
-8
-8
-8
-8
-8
-8
-7
-7
-7
-7
-7
-8
-8
-8
-9
-8
-8
-8
-8
-8
-8
-8
-8
-8
-8
-8
-7
-6
-6
-5
-5
-5
-5
-5
-5
-5
-5
-5
-4
-4
-4
-4
-4
-4
-4
-4
-4
-5
-5
-6
-6
-7
-8
-9
-9
-9
-9
-8
-7
-6
-5
-5
-5
-5
-6
-6
-7
-8
-8
-8
-7
-7
-7
-7
-7
-7
-8
-8
-8
-8
-8
-8
-8
-8
-9
-9
-10
-10
-10
-10
-9
-8
-7
-6
-6
-6
-6
-7
-8
-9
-10
-10
-10
-9
-9
-9
-9
-9
-10
-11
-11
-11
-10
-10
-8
-7
-6
-6
-6
-6
-6
-6
-6
-6
-5
-4
-3
-3
-2
-2
-2
-2
-2
-2
-1
0
1
1
2
1
1
0
-2
-3
-5
-6
-7
-8
-9
-10
-10
-11
-11
-11
-10
-10
-9
-9
-9
-9
-9
-9
-8
-8
-8
-7
-7
-7
-8
-8
-8
-8
-8
-8
-8
-7
-7
-8
-9
-10
-10
-9
-4
4
16
32
50
71
91
109
122
129
129
121
107
86
61
34
7
-18
-39
-56
-68
-75
-76
-74
-69
-63
-55
-48
-42
-36
-31
-27
-24
-20
-17
-14
-11
-9
-8
-7
-6
-6
-6
-7
-7
-6
-6
-5
-3
-2
-2
-1
-1
-2
-3
-4
-4
-5
-5
-4
-3
-2
0
1
1
2
2
3
3
4
5
6
7
8
8
8
8
7
7
6
7
7
8
9
10
11
12
14
15
17
18
20
21
22
23
24
24
24
24
24
25
27
28
31
33
35
37
40
42
44
46
48
49
50
51
51
50
49
48
47
47
46
46
46
46
45
43
40
37
33
29
24
20
16
13
10
7
5
3
2
1
-1
-2
-4
-6
-8
-11
-12
-14
-15
-15
-14
-14
-13
-12
-12
-12
-13
-14
-14
-15
-16
-15
-15
-14
-14
-14
-14
-15
-16
-17
-18
-18
-18
-18
-16
-15
-14
-12
-12
-12
-12
-13
-13
-14
-14
-14
-14
-14
-14
-14
-14
-14
-14
-14
-14
-13
-12
-12
-11
-10
-10
-10
-10
-10
-10
-10
-10
-9
-8
-8
-8
-9
-10
-11
-12
-13
-13
-13
-13
-12
-11
-10
-10
-9
-9
-9
-9
-8
-8
-8
-8
-8
-9
-10
-12
-13
-13
-13
-12
-11
-10
-9
-9
-9
-10
-12
-13
-14
-14
-14
-13
-12
-11
-10
-10
-10
-10
-10
-10
-9
-9
-8
-7
-7
-7
-8
-10
-11
-13
-13
-13
-13
-12
-10
-10
-9
-10
-10
-11
-12
-12
-12
-11
-10
-9
-7
-6
-5
-5
-5
-6
-6
-7
-8
-8
-8
-8
-8
-8
-8
-8
-7
-7
-6
-6
-4
-3
-2
0
1
1
1
1
0
-1
-3
-4
-6
-8
-9
-11
-12
-12
-13
-12
-12
-11
-11
-10
-10
-10
-10
-10
-10
-10
-10
-10
-9
-9
-9
-9
-10
-11
-12
-13
-13
-13
-12
-11
-9
-8
-8
-8
-9
-10
-11
-9
-5
3
16
32
52
74
96
115
129
137
136
127
110
87
60
31
4
-21
-40
-55
-64
-68
-69
-67
-64
-59
-55
-50
-45
-39
-33
-28
-22
-17
-14
-11
-10
-9
-9
-8
-8
-7
-6
-5
-4
-4
-4
-4
-5
-5
-6
-6
-5
-4
-3
-2
-1
0
1
1
2
2
3
3
4
5
5
5
5
4
4
4
4
5
6
7
8
9
9
10
10
11
12
13
14
15
16
18
18
19
19
20
20
21
23
25
27
29
31
33
34
35
36
37
38
39
42
44
47
49
50
51
51
51
50
50
50
51
52
53
53
53
52
50
47
44
41
37
34
30
27
25
22
19
16
13
11
8
5
3
0
-2
-4
-6
-8
-9
-10
-11
-11
-11
-11
-11
-11
-11
-12
-13
-14
-15
-15
-15
-15
-15
-15
-15
-15
-16
-16
-17
-17
-16
-16
-15
-15
-14
-14
-15
-15
-16
-17
-17
-17
-17
-16
-16
-15
-15
-16
-16
-17
-17
-17
-17
-16
-15
-14
-13
-13
-12
-12
-12
-13
-13
-13
-13
-13
-13
-13
-13
-13
-13
-13
-13
-12
-11
-11
-10
-9
-9
-9
-10
-11
-12
-13
-14
-14
-14
-13
-13
-12
-11
-10
-10
-10
-11
-12
-12
-12
-12
-12
-11
-11
-10
-10
-10
-11
-12
-12
-13
-13
-14
-14
-14
-14
-13
-13
-13
-13
-12
-12
-12
-12
-12
-12
-13
-13
-13
-13
-13
-12
-12
-12
-12
-12
-13
-14
-14
-15
-14
-14
-13
-12
-11
-10
-10
-10
-10
-11
-12
-12
-12
-12
-12
-12
-12
-11
-11
-11
-10
-9
-8
-6
-5
-4
-2
-2
-1
-1
-2
-3
-4
-5
-6
-8
-10
-11
-13
-14
-14
-15
-14
-14
-13
-11
-10
-10
-9
-9
-9
-10
-11
-11
-12
-13
-14
-14
-14
-14
-14
-13
-13
-13
-13
-14
-14
-15
-15
-16
-16
-16
-15
-14
-12
-9
-3
6
19
35
53
74
94
113
126
133
132
122
104
80
53
24
-3
-26
-45
-58
-66
-69
-69
-67
-64
-60
-56
-51
-46
-41
-35
-29
-24
-19
-15
-13
-11
-11
-11
-11
-11
-11
-10
-9
-7
-6
-5
-5
-4
-4
-4
-3
-3
-2
-1
0
1
1
1
1
0
-1
-2
-2
-2
-1
0
1
2
2
3
3
4
4
5
6
6
7
8
8
8
8
9
9
10
12
13
15
16
17
18
19
20
21
23
25
27
30
32
34
36
36
37
37
37
37
38
40
43
46
48
51
53
54
55
55
54
54
53
52
51
50
48
47
45
44
41
39
36
33
29
25
21
17
14
10
7
5
3
2
0
-1
-2
-3
-4
-5
-6
-7
-8
-9
-10
-10
-11
-11
-11
-11
-12
-12
-12
-12
-13
-13
-13
-13
-14
-14
-14
-14
-14
-13
-13
-12
-11
-11
-11
-11
-12
-13
-14
-14
-15
-14
-13
-12
-11
-10
-9
-9
-10
-12
-13
-14
-15
-15
-14
-13
-12
-11
-10
-9
-9
-9
-9
-9
-9
-9
-9
-9
-9
-9
-8
-8
-8
-7
-7
-7
-7
-8
-8
-9
-9
-10
-9
-9
-8
-6
-5
-5
-5
-5
-6
-7
-7
-8
-8
-8
-8
-9
-9
-9
-10
-11
-11
-10
-10
-8
-7
-6
-5
-5
-6
-7
-8
-9
-9
-9
-9
-8
-7
-6
-6
-6
-7
-8
-9
-10
-10
-11
-11
-11
-11
-11
-10
-10
-9
-8
-7
-6
-5
-5
-5
-5
-6
-7
-8
-8
-9
-9
-8
-7
-6
-6
-6
-6
-7
-9
-10
-11
-11
-11
-9
-8
-6
-4
-2
-2
-1
-1
-1
-1
-1
-1
-1
-1
-1
-3
-4
-7
-9
-12
-14
-15
-15
-15
-14
-13
-12
-11
-10
-10
-10
-9
-9
-8
-8
-7
-7
-7
-8
-9
-10
-11
-11
-11
-11
-10
-9
-8
-7
-7
-8
-9
-10
-12
-13
-12
-8
-2
9
23
41
61
82
102
119
131
135
132
121
103
79
52
24
-3
-26
-45
-59
-67
-70
-70
-67
-62
-57
-51
-45
-39
-34
-29
-24
-20
-17
-14
-12
-11
-10
-9
-8
-7
-6
-4
-3
-2
-2
-2
-2
-3
-4
-5
-5
-5
-4
-2
0
1
3
3
4
3
3
2
1
1
1
1
2
3
5
6
7
8
9
9
9
9
9
9
9
9
10
11
13
14
15
16
17
18
18
19
19
21
22
24
27
29
31
32
33
34
35
36
38
40
41
44
46
47
49
49
50
50
49
49
49
49
50
50
51
52
52
52
51
49
46
42
37
32
27
22
18
15
12
10
9
8
6
4
1
-2
-5
-7
-8
-9
-9
-9
-9
-8
-8
-9
-10
-11
-11
-12
-12
-12
-12
-12
-12
-13
-14
-15
-16
-17
-17
-17
-16
-16
-15
-15
-15
-15
-16
-16
-17
-17
-17
-16
-15
-14
-13
-12
-12
-13
-14
-16
-17
-18
-19
-19
-18
-17
-15
-14
-13
-12
-11
-11
-11
-11
-11
-11
-11
-11
-11
-11
-11
-11
-11
-11
-12
-12
-12
-12
-12
-13
-13
-12
-12
-11
-10
-9
-7
-7
-7
-7
-8
-9
-10
-11
-11
-11
-10
-9
-8
-8
-8
-9
-9
-10
-11
-11
-11
-10
-9
-8
-8
-8
-9
-10
-12
-14
-15
-16
-17
-16
-16
-15
-14
-13
-12
-11
-11
-10
-10
-11
-11
-12
-13
-14
-15
-15
-15
-15
-15
-14
-13
-13
-12
-11
-10
-10
-9
-9
-9
-9
-9
-10
-10
-11
-11
-10
-9
-8
-6
-4
-2
0
1
1
1
1
0
-1
-3
-5
-7
-10
-13
-15
-17
-17
-16
-15
-13
-11
-10
-10
-11
-13
-15
-17
-18
-17
-16
-13
-10
-6
-3
1
6
14
25
40
59
79
99
115
125
127
118
100
74
44
14
-14
-37
-53
-62
-65
-65
-62
-59
-57
-55
-54
-51
-48
-43
-36
-28
-21
-15
-11
-9
-9
-10
-11
-12
-12
-10
-8
-5
-3
-1
0
0
-1
-2
-2
-3
-2
-1
1
2
3
4
3
2
1
0
-1
-2
-1
0
1
3
5
6
7
7
7
7
6
6
6
6
7
7
8
9
10
11
12
13
14
15
16
17
18
20
21
22
24
26
28
29
31
32
33
34
35
37
39
41
43
45
46
47
48
48
47
47
48
48
49
50
51
52
52
52
50
48
46
43
40
36
33
30
26
23
19
15
12
8
5
2
0
-1
-2
-3
-4
-4
-5
-7
-8
-10
-11
-13
-14
-14
-14
-14
-14
-14
-14
-14
-14
-14
-14
-14
-15
-15
-15
-15
-15
-16
-16
-17
-17
-18
-17
-17
-16
-16
-16
-16
-16
-16
-16
-16
-16
-16
-15
-15
-14
-14
-15
-15
-15
-15
-14
-13
-12
-12
-11
-11
-12
-13
-14
-14
-15
-15
-14
-13
-12
-12
-12
-12
-13
-14
-14
-14
-13
-11
-9
-7
-6
-6
-6
-7
-8
-10
-11
-11
-11
-10
-10
-9
-9
-9
-10
-11
-12
-13
-13
-13
-13
-13
-12
-12
-11
-11
-10
-10
-9
-9
-9
-9
-9
-9
-10
-10
-11
-11
-11
-12
-12
-13
-13
-13
-13
-13
-13
-12
-12
-11
-10
-10
-10
-10
-11
-12
-12
-13
-13
-13
-12
-10
-9
-8
-7
-7
-8
-10
-11
-13
-14
-14
-14
-12
-9
-6
-3
-1
1
1
1
0
-1
-2
-3
-4
-4
-5
-5
-6
-7
-8
-10
-11
-13
-14
-15
-15
-15
-15
-15
-14
-14
-13
-12
-12
-11
-11
-10
-11
-11
-11
-12
-13
-14
-14
-14
-13
-12
-11
-10
-9
-9
-9
-10
-11
-11
-9
-6
1
12
26
43
63
83
101
116
125
128
123
111
92
69
42
16
-9
-30
-47
-59
-66
-69
-69
-66
-61
-56
-51
-45
-40
-35
-30
-25
-21
-17
-13
-11
-9
-8
-7
-7
-7
-7
-6
-5
-5
-4
-3
-3
-2
-2
-2
-2
-1
-1
-1
-1
-1
-1
-1
-2
-2
-2
-2
-1
0
2
3
4
5
5
5
6
6
6
6
6
6
6
7
7
8
9
10
12
14
16
18
20
21
21
22
21
21
20
20
21
22
24
27
29
33
36
38
40
42
43
44
45
45
46
48
49
51
53
54
56
56
56
55
54
53
51
50
48
46
44
42
38
35
31
27
23
20
17
14
12
9
7
4
2
-1
-3
-5
-6
-7
-7
-7
-7
-7
-8
-9
-10
-11
-13
-13
-14
-14
-13
-13
-14
-14
-15
-15
-16
-15
-15
-14
-13
-13
-12
-13
-13
-14
-15
-16
-16
-16
-15
-14
-13
-12
-11
-11
-12
-12
-12
-13
-12
-12
-11
-11
-10
-11
-11
-12
-13
-14
-14
-14
-14
-13
-12
-11
-11
-10
-10
-10
-11
-11
-11
-11
-11
-10
-10
-10
-10
-10
-10
-11
-11
-10
-10
-9
-8
-7
-6
-6
-7
-8
-9
-11
-12
-13
-14
-14
-13
-13
-12
-11
-10
-10
-9
-9
-9
-9
-10
-10
-11
-11
-12
-12
-11
-11
-10
-9
-8
-7
-7
-8
-9
-10
-11
-11
-12
-12
-12
-11
-11
-11
-11
-11
-12
-12
-13
-13
-13
-13
-12
-12
-12
-12
-11
-11
-11
-10
-10
-10
-10
-10
-10
-10
-9
-9
-8
-7
-6
-4
-3
-3
-2
-1
0
0
1
1
1
0
-1
-2
-4
-6
-8
-10
-11
-11
-12
-12
-12
-12
-12
-13
-13
-13
-13
-13
-12
-11
-10
-9
-9
-10
-11
-12
-13
-13
-14
-14
-13
-13
-12
-12
-12
-12
-12
-13
-13
-14
-14
-13
-11
-7
-1
9
22
38
57
78
98
115
128
135
134
125
108
84
57
28
0
-25
-44
-58
-67
-70
-70
-67
-62
-57
-53
-48
-43
-39
-33
-28
-23
-18
-14
-11
-10
-9
-9
-9
-9
-9
-8
-7
-6
-5
-5
-4
-4
-4
-3
-2
-1
1
2
3
4
4
3
2
1
0
0
0
0
0
1
0
0
-1
-2
-2
-1
0
1
3
4
6
6
7
7
7
7
8
9
10
11
12
13
14
14
15
16
17
19
21
24
26
28
29
30
31
32
33
35
37
39
41
43
45
46
47
48
48
48
48
49
49
50
50
50
50
49
47
45
42
39
35
32
29
26
23
20
17
14
11
8
5
2
-1
-4
-7
-9
-11
-13
-14
-14
-14
-14
-14
-14
-14
-14
-14
-15
-16
-17
-18
-19
-19
-18
-18
-17
-17
-16
-16
-16
-17
-17
-17
-18
-18
-18
-18
-19
-19
-19
-19
-19
-19
-19
-18
-17
-17
-16
-16
-16
-17
-17
-17
-17
-17
-17
-18
-18
-18
-18
-18
-18
-17
-17
-16
-15
-14
-13
-13
-14
-14
-15
-15
-15
-14
-14
-13
-12
-12
-12
-12
-13
-13
-13
-13
-12
-11
-10
-9
-9
-10
-11
-12
-14
-15
-16
-16
-15
-14
-13
-13
-12
-12
-12
-13
-14
-14
-14
-14
-14
-13
-13
-12
-12
-12
-12
-13
-13
-13
-13
-13
-13
-12
-12
-13
-13
-13
-13
-13
-12
-12
-11
-11
-11
-11
-11
-12
-13
-14
-14
-15
-15
-15
-15
-14
-14
-14
-13
-13
-12
-12
-11
-10
-9
-8
-8
-8
-8
-8
-9
-10
-10
-10
-10
-10
-9
-8
-6
-4
-3
-1
0
1
1
1
0
-2
-4
-5
-7
-8
-9
-9
-10
-11
-11
-12
-13
-14
-15
-15
-14
-13
-12
-11
-10
-9
-9
-10
-11
-12
-13
-13
-13
-13
-12
-12
-11
-10
-9
-8
-8
-7
-7
-8
-8
-8
-8
-6
-1
7
18
33
51
71
91
110
124
133
134
128
115
95
71
44
16
-9
-31
-49
-61
-68
-70
-68
-64
-57
-50
-43
-37
-31
-27
-23
-20
-17
-14
-12
-9
-7
-6
-5
-4
-3
-3
-3
-4
-4
-3
-2
-1
0
2
3
4
5
5
5
4
3
3
3
3
4
5
6
7
7
7
7
7
7
7
8
9
10
11
12
12
13
13
13
14
14
15
16
17
18
19
19
19
19
20
20
21
23
24
26
28
30
32
34
36
38
40
42
44
46
48
49
50
51
51
52
53
53
54
54
54
54
54
53
53
53
52
52
51
49
48
45
42
39
35
32
28
25
22
19
15
12
9
6
3
1
-1
-2
-2
-3
-3
-4
-6
-8
-10
-11
-13
-13
-12
-12
-10
-9
-9
-9
-9
-10
-11
-12
-13
-13
-13
-13
-12
-12
-12
-12
-13
-13
-13
-12
-12
-11
-9
-9
-8
-8
-9
-10
-11
-12
-12
-12
-12
-10
-9
-7
-6
-5
-5
-6
-7
-8
-9
-10
-10
-10
-10
-9
-9
-9
-9
-9
-9
-10
-9
-9
-8
-7
-6
-5
-4
-4
-4
-4
-4
-5
-5
-6
-6
-6
-7
-7
-7
-8
-8
-9
-9
-10
-10
-10
-10
-11
-10
-10
-10
-9
-8
-8
-7
-7
-7
-7
-8
-9
-9
-10
-10
-10
-10
-9
-9
-9
-8
-8
-8
-8
-8
-8
-9
-9
-10
-11
-12
-12
-13
-13
-13
-12
-11
-10
-9
-8
-8
-7
-7
-8
-8
-9
-10
-10
-11
-11
-11
-11
-11
-11
-11
-10
-10
-9
-9
-8
-8
-7
-6
-5
-4
-3
-2
0
1
2
2
3
2
2
1
0
-1
-2
-3
-4
-5
-6
-7
-9
-10
-11
-12
-12
-13
-12
-12
-12
-11
-11
-11
-11
-11
-11
-10
-10
-9
-8
-8
-8
-8
-9
-9
-10
-10
-10
-9
-8
-8
-8
-8
-9
-10
-10
-10
-7
-1
9
22
38
57
76
95
110
121
126
124
114
98
76
51
24
-2
-26
-45
-59
-68
-72
-72
-69
-65
-59
-54
-49
-44
-39
-34
-28
-23
-18
-14
-10
-8
-7
-7
-7
-8
-8
-7
-6
-5
-3
-2
-1
0
0
0
-1
-1
-1
-1
0
1
2
2
3
3
3
4
4
4
4
4
4
4
5
5
5
5
6
6
7
8
9
9
10
10
11
11
12
13
14
15
16
17
18
19
20
21
22
23
24
26
28
30
32
34
35
36
36
36
36
37
38
40
42
45
47
48
49
49
48
47
47
47
48
49
50
50
50
48
45
41
36
31
27
24
21
18
16
14
12
9
6
3
0
-3
-5
-6
-7
-8
-9
-10
-11
-12
-13
-13
-13
-13
-13
-13
-13
-13
-13
-14
-14
-15
-15
-15
-15
-16
-16
-18
-19
-20
-21
-21
-20
-19
-17
-16
-15
-15
-16
-17
-18
-19
-20
-20
-19
-18
-16
-16
-15
-16
-17
-18
-19
-19
-19
-18
-16
-15
-13
-13
-13
-13
-15
-16
-17
-18
-17
-17
-16
-15
-14
-13
-13
-13
-14
-14
-15
-15
-15
-14
-14
-13
-13
-12
-12
-12
-12
-13
-13
-13
-13
-14
-14
-15
-15
-16
-16
-16
-15
-14
-13
-13
-12
-13
-14
-15
-16
-17
-17
-17
-16
-15
-14
-13
-12
-12
-12
-13
-14
-14
-14
-14
-14
-14
-14
-14
-15
-15
-16
-16
-16
-15
-14
-13
-11
-10
-10
-10
-10
-11
-12
-12
-12
-13
-13
-13
-14
-15
-16
-17
-17
-18
-17
-17
-16
-15
-14
-13
-13
-13
-13
-13
-12
-12
-11
-9
-8
-7
-6
-6
-5
-5
-5
-5
-5
-6
-7
-9
-10
-12
-13
-14
-14
-14
-14
-14
-13
-13
-13
-13
-13
-13
-13
-13
-13
-13
-13
-14
-14
-15
-16
-16
-16
-16
-15
-14
-13
-11
-11
-10
-11
-11
-13
-14
-15
-16
-15
-12
-7
2
14
29
47
67
87
104
118
127
128
121
107
87
62
34
6
-19
-41
-57
-68
-74
-75
-73
-68
-63
-57
-51
-45
-40
-35
-30
-26
-22
-18
-15
-12
-10
-9
-7
-7
-6
-5
-5
-4
-4
-4
-3
-3
-3
-3
-2
-2
-1
0
1
1
1
1
1
1
0
0
0
0
0
1
1
2
2
2
2
3
3
3
4
4
5
6
8
9
11
12
13
13
14
14
14
14
14
16
17
19
22
24
27
28
30
30
31
32
32
33
35
37
39
41
43
45
46
47
48
49
50
51
52
53
53
53
53
52
51
50
49
48
46
44
41
38
34
30
26
22
18
15
12
10
8
6
4
1
-1
-4
-6
-8
-10
-11
-11
-11
-11
-10
-10
-11
-11
-12
-13
-14
-15
-15
-14
-14
-13
-12
-11
-11
-12
-12
-13
-13
-13
-13
-13
-12
-12
-12
-13
-13
-14
-15
-15
-15
-14
-14
-13
-13
-12
-12
-13
-13
-13
-13
-13
-12
-12
-11
-11
-10
-10
-10
-10
-9
-8
-8
-7
-7
-7
-7
-8
-8
-9
-9
-8
-8
-7
-6
-6
-7
-8
-9
-9
-10
-10
-10
-9
-9
-8
-8
-8
-8
-9
-10
-10
-10
-10
-10
-10
-10
-10
-10
-10
-11
-11
-10
-9
-9
-8
-8
-8
-9
-10
-10
-11
-11
-11
-9
-8
-7
-6
-6
-6
-7
-8
-9
-10
-10
-10
-10
-10
-10
-10
-10
-11
-11
-11
-10
-10
-9
-8
-7
-6
-6
-7
-7
-8
-9
-9
-10
-9
-9
-8
-7
-7
-6
-7
-7
-7
-8
-7
-6
-5
-3
-1
1
2
2
2
2
0
-1
-3
-5
-7
-8
-10
-11
-11
-11
-10
-9
-8
-7
-6
-6
-6
-7
-9
-10
-11
-12
-12
-12
-12
-11
-11
-11
-12
-13
-14
-15
-15
-14
-13
-12
-10
-9
-9
-9
-10
-10
-8
-4
3
15
30
48
69
89
108
122
130
131
125
111
91
66
39
12
-13
-34
-50
-61
-67
-69
-67
-64
-59
-53
-47
-41
-36
-31
-26
-21
-17
-14
-11
-9
-8
-8
-8
-7
-6
-5
-4
-2
-1
-1
0
-1
-2
-2
-3
-3
-3
-2
-1
1
2
3
4
5
5
6
6
5
5
5
5
5
5
5
5
6
7
8
10
11
12
14
14
15
15
14
14
14
14
15
15
17
18
20
21
23
24
25
26
28
29
31
33
34
36
38
39
41
42
44
45
47
49
51
53
54
56
57
57
58
57
57
56
55
53
52
51
49
47
45
43
40
36
32
28
23
19
15
11
9
6
5
3
2
0
-1
-2
-4
-5
-5
-5
-5
-5
-6
-6
-7
-8
-10
-11
-12
-13
-13
-13
-12
-11
-11
-11
-12
-13
-14
-15
-16
-16
-15
-14
-12
-11
-11
-10
-11
-11
-12
-12
-12
-12
-12
-11
-11
-11
-11
-12
-12
-13
-13
-13
-13
-13
-12
-12
-11
-12
-12
-12
-13
-13
-12
-12
-11
-10
-9
-9
-9
-10
-10
-10
-11
-11
-10
-9
-8
-6
-6
-5
-5
-6
-8
-9
-11
-12
-12
-12
-11
-10
-9
-8
-7
-6
-7
-7
-8
-8
-9
-9
-9
-9
-8
-8
-8
-8
-8
-8
-8
-8
-8
-9
-9
-9
-9
-9
-8
-8
-7
-7
-7
-7
-8
-9
-11
-12
-13
-13
-13
-12
-11
-9
-8
-8
-7
-8
-8
-9
-9
-9
-8
-8
-7
-6
-7
-7
-8
-9
-10
-10
-10
-9
-8
-6
-5
-3
-2
-1
-1
0
0
1
1
2
1
1
-1
-2
-4
-6
-8
-10
-10
-11
-11
-10
-10
-9
-9
-9
-10
-10
-11
-11
-12
-12
-13
-13
-13
-13
-13
-12
-12
-11
-10
-10
-10
-10
-10
-10
-11
-12
-12
-12
-11
-11
-11
-11
-11
-12
-11
-8
-3
7
20
38
59
80
101
118
130
134
130
118
99
75
48
21
-4
-27
-45
-58
-66
-70
-71
-69
-65
-59
-54
-48
-42
-36
-30
-25
-20
-16
-13
-10
-8
-7
-6
-6
-7
-7
-8
-8
-8
-7
-6
-5
-5
-4
-4
-4
-4
-4
-3
-2
-1
1
2
2
2
2
1
1
0
0
0
0
1
2
2
3
3
4
4
4
5
6
7
8
10
11
11
12
13
13
14
16
17
18
19
20
21
22
22
23
24
26
27
29
32
34
36
38
40
41
42
43
44
45
46
47
48
50
51
52
53
53
52
52
50
49
48
46
45
43
41
38
35
31
26
22
17
13
9
6
4
2
0
-1
-2
-4
-5
-7
-8
-9
-11
-12
-12
-13
-13
-13
-14
-14
-14
-15
-16
-17
-18
-19
-19
-20
-20
-19
-18
-17
-16
-16
-15
-15
-15
-15
-15
-15
-16
-16
-16
-16
-17
-17
-17
-18
-18
-17
-17
-16
-16
-15
-15
-15
-15
-16
-16
-17
-17
-17
-17
-17
-17
-18
-18
-18
-18
-18
-17
-16
-15
-14
-14
-14
-14
-15
-15
-15
-15
-15
-14
-13
-13
-12
-12
-13
-13
-13
-13
-13
-13
-12
-11
-11
-12
-13
-14
-15
-16
-17
-17
-16
-14
-13
-12
-11
-11
-12
-13
-14
-15
-15
-15
-15
-14
-13
-12
-11
-11
-12
-12
-13
-13
-14
-13
-12
-12
-11
-10
-10
-10
-10
-10
-11
-11
-11
-11
-11
-11
-11
-11
-12
-12
-12
-12
-11
-11
-10
-10
-9
-10
-10
-11
-11
-12
-12
-12
-12
-11
-10
-10
-10
-9
-9
-10
-10
-10
-10
-10
-10
-10
-10
-10
-10
-10
-10
-9
-9
-8
-7
-6
-6
-5
-4
-4
-3
-3
-3
-3
-4
-6
-7
-10
-12
-13
-14
-15
-14
-13
-11
-10
-9
-9
-9
-10
-12
-13
-13
-14
-13
-13
-12
-12
-11
-11
-11
-11
-11
-11
-11
-10
-10
-10
-10
-11
-12
-13
-13
-14
-15
-15
-14
-11
-5
3
15
31
49
70
91
110
124
133
134
127
113
92
67
39
12
-14
-35
-51
-62
-68
-70
-69
-65
-60
-54
-47
-41
-35
-29
-24
-20
-16
-14
-11
-10
-9
-8
-7
-6
-5
-3
-2
-1
0
0
1
1
1
1
1
2
2
2
2
2
2
2
2
2
3
4
6
7
9
10
10
10
9
8
7
7
7
7
8
9
10
11
12
13
14
15
16
17
18
19
20
21
21
21
21
22
22
23
24
26
28
30
32
35
37
39
40
41
42
43
44
44
45
46
47
49
50
51
52
52
52
52
52
52
52
51
50
49
47
45
42
39
35
31
28
24
21
18
15
12
10
7
4
1
-1
-3
-4
-5
-6
-6
-7
-7
-8
-9
-11
-12
-13
-14
-14
-13
-13
-12
-12
-12
-13
-14
-15
-16
-16
-16
-16
-14
-12
-11
-9
-9
-9
-9
-10
-12
-13
-14
-14
-14
-14
-13
-13
-13
-13
-13
-14
-14
-14
-14
-13
-13
-12
-12
-12
-12
-13
-14
-15
-15
-14
-13
-12
-11
-10
-10
-10
-11
-11
-12
-13
-13
-12
-11
-10
-9
-8
-8
-9
-9
-10
-10
-11
-10
-10
-10
-10
-10
-10
-10
-10
-10
-10
-9
-9
-9
-9
-10
-11
-12
-12
-12
-12
-12
-11
-10
-9
-9
-9
-9
-10
-10
-11
-11
-11
-12
-12
-12
-12
-11
-11
-11
-10
-10
-10
-10
-11
-12
-13
-14
-14
-15
-14
-13
-12
-11
-10
-9
-9
-10
-10
-11
-11
-11
-10
-9
-8
-7
-6
-6
-7
-8
-9
-10
-10
-10
-9
-8
-6
-4
-2
-1
0
0
0
-1
-2
-4
-5
-6
-7
-8
-9
-10
-10
-11
-11
-12
-12
-12
-13
-13
-13
-14
-14
-15
-15
-15
-15
-15
-15
-14
-13
-13
-13
-13
-13
-14
-14
-14
-14
-14
-13
-12
-11
-10
-10
-9
-10
-10
-10
-9
-5
1
10
24
41
61
81
101
117
127
130
125
112
92
67
40
12
-13
-33
-49
-60
-66
-68
-68
-65
-61
-56
-51
-45
-39
-34
-28
-23
-19
-16
-14
-12
-11
-10
-9
-9
-8
-7
-6
-6
-5
-5
-5
-4
-3
-1
0
1
2
2
2
1
1
0
0
0
0
1
1
2
3
3
4
5
5
6
7
7
8
8
8
8
8
8
8
9
10
11
12
13
14
14
15
15
16
17
19
21
24
27
30
32
34
35
35
34
34
34
34
36
37
39
42
44
46
48
49
50
51
52
53
53
54
55
55
55
54
53
52
50
48
46
43
40
36
32
28
24
21
17
14
12
10
8
5
3
0
-2
-5
-7
-9
-10
-10
-10
-9
-9
-9
-9
-9
-10
-10
-11
-12
-12
-13
-13
-13
-13
-14
-14
-14
-14
-14
-14
-13
-13
-13
-13
-14
-14
-15
-16
-16
-15
-15
-14
-13
-12
-11
-11
-11
-11
-12
-12
-12
-12
-12
-12
-12
-12
-12
-12
-11
-11
-11
-11
-11
-10
-10
-10
-10
-10
-10
-9
-9
-8
-8
-8
-7
-7
-8
-8
-9
-9
-10
-10
-10
-10
-10
-9
-8
-7
-6
-6
-6
-7
-8
-9
-9
-10
-11
-11
-11
-12
-12
-12
-12
-12
-12
-11
-10
-10
-9
-9
-9
-10
-11
-12
-13
-13
-13
-13
-12
-11
-10
-10
-10
-11
-11
-12
-12
-12
-12
-11
-10
-9
-8
-8
-8
-8
-9
-9
-9
-9
-9
-9
-9
-9
-9
-10
-10
-10
-10
-10
-10
-10
-10
-10
-10
-10
-10
-9
-9
-9
-8
-9
-9
-9
-10
-10
-10
-10
-10
-9
-9
-8
-8
-9
-9
-10
-10
-10
-9
-7
-5
-2
0
1
1
1
0
-2
-4
-7
-8
-10
-11
-11
-12
-12
-13
-13
-14
-14
-14
-14
-13
-12
-11
-11
-11
-11
-12
-12
-13
-14
-14
-14
-14
-13
-13
-13
-14
-14
-15
-16
-16
-16
-16
-15
-15
-14
-14
-13
-11
-7
0
11
27
46
67
89
109
124
133
134
127
111
89
63
35
7
-17
-38
-53
-64
-69
-71
-70
-68
-63
-59
-53
-47
-41
-35
-29
-23
-18
-14
-11
-9
-8
-8
-9
-9
-9
-9
-8
-7
-6
-5
-5
-5
-5
-5
-5
-5
-4
-3
-2
-1
0
0
0
0
-1
-2
-2
-2
-2
-1
0
1
3
3
4
4
4
4
5
5
7
8
9
10
10
10
10
10
10
11
12
13
15
16
17
18
19
21
22
23
25
27
29
31
33
35
36
37
38
40
41
43
45
47
48
49
50
50
50
50
50
50
50
51
51
51
51
50
49
46
43
40
36
32
28
25
22
20
17
15
13
11
9
6
3
1
-2
-4
-6
-7
-9
-9
-10
-10
-10
-10
-9
-10
-10
-11
-11
-13
-14
-14
-15
-15
-14
-13
-12
-11
-10
-10
-10
-11
-12
-13
-14
-15
-15
-15
-15
-14
-14
-14
-14
-14
-14
-14
-14
-14
-14
-14
-14
-13
-13
-12
-11
-10
-9
-9
-9
-10
-10
-11
-12
-12
-12
-12
-11
-10
-9
-9
-9
-9
-10
-10
-10
-10
-9
-8
-7
-6
-5
-5
-6
-7
-8
-9
-9
-9
-9
-8
-7
-7
-7
-7
-8
-8
-8
-7
-6
-5
-4
-3
-2
-2
-3
-4
-5
-6
-8
-8
-9
-9
-9
-9
-9
-10
-10
-10
-10
-10
-10
-10
-9
-9
-8
-8
-7
-7
-7
-7
-7
-6
-6
-6
-6
-6
-7
-8
-9
-9
-10
-10
-10
-9
-9
-8
-7
-7
-7
-7
-7
-8
-8
-8
-7
-7
-6
-5
-5
-5
-5
-5
-5
-6
-6
-5
-5
-4
-4
-3
-3
-2
-1
0
1
2
2
2
2
2
1
0
-1
-2
-3
-4
-5
-7
-8
-9
-9
-10
-10
-10
-9
-8
-7
-7
-7
-7
-8
-9
-10
-11
-11
-10
-9
-8
-7
-7
-6
-6
-7
-7
-8
-8
-8
-8
-8
-9
-9
-10
-10
-8
-4
3
13
26
43
61
81
99
114
125
130
128
118
101
79
53
25
-2
-26
-45
-59
-67
-70
-68
-64
-59
-53
-47
-43
-38
-35
-31
-27
-23
-19
-15
-11
-8
-6
-4
-3
-3
-3
-4
-4
-3
-3
-2
-1
0
0
1
1
2
2
2
2
2
2
2
2
2
2
2
2
3
4
5
6
7
8
9
9
9
8
7
7
6
7
8
10
12
14
16
17
17
17
17
17
17
17
19
20
22
24
25
26
27
27
28
29
30
32
34
36
39
41
44
46
47
49
50
50
51
51
50
50
50
50
50
50
51
51
51
50
48
46
43
39
35
30
26
22
18
15
12
9
6
4
2
0
-2
-4
-5
-7
-9
-10
-11
-13
-14
-14
-15
-15
-15
-15
-16
-16
-17
-18
-18
-19
-19
-18
-18
-17
-17
-17
-17
-18
-18
-19
-20
-21
-21
-21
-20
-19
-18
-18
-17
-17
-18
-18
-19
-19
-19
-18
-17
-16
-15
-14
-14
-14
-14
-15
-15
-15
-15
-14
-14
-14
-14
-14
-14
-15
-15
-15
-15
-14
-13
-12
-11
-11
-11
-11
-12
-12
-12
-12
-12
-12
-12
-12
-13
-14
-15
-16
-16
-16
-15
-15
-14
-13
-13
-13
-13
-14
-14
-15
-15
-15
-14
-14
-14
-15
-16
-17
-18
-19
-20
-20
-20
-19
-19
-18
-17
-16
-15
-15
-14
-13
-13
-13
-14
-15
-16
-17
-18
-18
-17
-17
-15
-14
-13
-13
-13
-13
-14
-14
-14
-14
-14
-13
-12
-12
-12
-12
-12
-12
-12
-11
-10
-9
-7
-5
-4
-3
-3
-3
-4
-6
-7
-9
-10
-11
-12
-13
-14
-15
-16
-17
-18
-18
-18
-17
-17
-16
-15
-14
-14
-14
-14
-14
-14
-14
-14
-13
-13
-13
-13
-13
-14
-16
-17
-18
-19
-19
-18
-17
-16
-15
-14
-14
-13
-12
-9
-3
7
20
38
58
80
100
117
128
131
126
113
93
68
40
12
-13
-35
-52
-64
-72
-75
-75
-72
-68
-63
-57
-51
-44
-38
-31
-26
-21
-18
-15
-14
-13
-13
-12
-12
-11
-9
-8
-7
-6
-6
-7
-8
-9
-9
-9
-9
-8
-7
-6
-6
-5
-5
-5
-5
-5
-4
-3
-2
-1
0
1
1
0
-1
-1
-1
-1
0
2
3
4
6
6
6
6
6
6
6
7
9
10
12
14
15
16
17
17
17
18
19
21
23
25
27
29
31
33
34
35
36
37
39
40
42
43
45
46
48
48
49
50
50
50
50
50
49
48
47
44
42
38
35
31
28
24
21
18
15
12
9
6
3
1
-1
-3
-4
-5
-7
-8
-10
-11
-12
-12
-13
-13
-13
-12
-12
-12
-12
-12
-13
-13
-13
-13
-13
-13
-13
-13
-13
-14
-14
-15
-15
-16
-16
-15
-15
-15
-15
-16
-16
-17
-17
-17
-17
-16
-15
-14
-14
-13
-14
-14
-15
-16
-16
-17
-16
-16
-15
-14
-13
-12
-11
-11
-10
-10
-10
-10
-11
-11
-12
-13
-14
-15
-15
-14
-13
-12
-11
-9
-8
-8
-7
-8
-8
-9
-10
-11
-11
-11
-10
-10
-9
-9
-8
-8
-8
-8
-8
-9
-9
-9
-9
-9
-10
-11
-12
-13
-13
-14
-14
-14
-13
-12
-11
-9
-8
-8
-7
-7
-7
-8
-8
-8
-9
-9
-9
-9
-9
-10
-10
-10
-10
-10
-10
-9
-9
-9
-9
-9
-9
-8
-8
-8
-9
-9
-10
-10
-10
-10
-10
-9
-8
-7
-6
-5
-5
-5
-5
-5
-4
-3
-2
-1
1
2
3
2
1
-1
-3
-5
-6
-8
-8
-9
-9
-10
-11
-11
-12
-13
-13
-13
-13
-12
-11
-10
-9
-9
-10
-10
-11
-11
-11
-10
-10
-9
-9
-9
-10
-11
-12
-13
-13
-14
-14
-14
-13
-13
-11
-9
-5
2
11
25
41
60
80
99
116
128
134
131
121
104
81
54
26
0
-23
-42
-55
-63
-67
-67
-64
-60
-55
-50
-45
-40
-34
-29
-24
-19
-15
-12
-9
-7
-6
-5
-4
-3
-2
-1
-1
0
0
0
-1
-1
-2
-2
-2
-1
0
1
2
4
5
6
7
7
6
6
5
4
4
4
5
6
7
8
9
10
11
11
11
11
11
12
13
14
15
17
18
18
19
20
21
22
23
24
26
28
29
31
32
33
35
36
38
40
41
43
44
45
46
47
48
50
52
54
55
57
58
58
58
57
56
55
55
54
54
53
52
51
48
45
41
37
33
30
26
23
20
18
16
13
11
8
6
4
2
1
0
-1
-1
-2
-3
-4
-6
-7
-8
-9
-10
-10
-10
-9
-9
-9
-9
-9
-10
-10
-11
-11
-11
-11
-11
-10
-10
-10
-10
-10
-10
-10
-11
-11
-12
-12
-12
-12
-12
-11
-11
-10
-10
-9
-9
-8
-8
-9
-9
-10
-10
-10
-10
-10
-9
-8
-7
-6
-6
-6
-7
-7
-8
-9
-9
-9
-9
-8
-8
-7
-6
-6
-5
-5
-4
-4
-4
-4
-5
-5
-6
-7
-7
-7
-7
-7
-7
-6
-6
-5
-5
-5
-6
-6
-6
-6
-7
-7
-8
-8
-8
-8
-8
-8
-8
-7
-7
-7
-8
-8
-9
-10
-10
-10
-10
-9
-8
-6
-5
-4
-4
-4
-5
-6
-7
-8
-9
-9
-8
-8
-7
-6
-5
-5
-4
-4
-4
-4
-4
-4
-3
-3
-3
-2
-2
-2
-2
-3
-3
-4
-4
-5
-5
-6
-6
-7
-9
-10
-12
-13
-14
-15
-15
-14
-14
-13
-12
-11
-10
-10
-9
-9
-8
-8
-8
-8
-8
-9
-10
-11
-12
-13
-14
-14
-14
-13
-13
-13
-13
-13
-13
-13
-13
-10
-5
3
14
28
45
64
83
101
115
124
126
121
108
89
65
38
11
-14
-36
-52
-63
-69
-70
-68
-64
-59
-54
-49
-44
-40
-36
-32
-28
-23
-19
-16
-12
-10
-8
-7
-6
-6
-5
-5
-6
-6
-5
-5
-5
-4
-4
-3
-3
-3
-3
-2
-2
-2
-1
-1
0
1
2
2
3
3
2
2
2
2
2
3
4
5
6
8
9
10
10
10
11
10
10
10
11
12
13
15
16
18
19
20
21
21
21
21
22
23
25
28
31
34
37
39
41
42
42
42
42
42
43
45
47
50
52
54
55
55
54
53
52
50
48
47
45
43
41
38
34
30
25
21
17
13
10
8
6
4
2
0
-2
-5
-8
-11
-14
-15
-16
-16
-16
-15
-14
-13
-13
-14
-15
-16
-17
-18
-18
-18
-17
-16
-16
-16
-16
-17
-18
-19
-19
-19
-18
-18
-17
-17
-17
-17
-18
-19
-19
-20
-20
-20
-19
-19
-18
-17
-16
-16
-16
-15
-16
-16
-16
-17
-18
-18
-18
-18
-17
-16
-15
-14
-13
-13
-13
-14
-15
-16
-17
-18
-18
-17
-16
-14
-13
-11
-10
-9
-9
-9
-10
-11
-11
-12
-12
-13
-14
-14
-15
-16
-16
-17
-17
-17
-17
-16
-15
-14
-13
-13
-12
-12
-12
-13
-13
-13
-14
-14
-14
-15
-15
-16
-16
-17
-18
-18
-19
-18
-18
-17
-16
-16
-15
-15
-15
-16
-16
-17
-17
-17
-17
-17
-16
-16
-16
-16
-17
-17
-17
-17
-17
-17
-17
-17
-17
-17
-17
-17
-17
-17
-17
-18
-18
-19
-19
-18
-17
-16
-14
-12
-10
-9
-9
-9
-9
-9
-9
-9
-8
-6
-5
-3
-2
-2
-3
-4
-6
-8
-10
-12
-13
-14
-15
-15
-15
-15
-15
-15
-15
-15
-16
-16
-16
-17
-17
-17
-17
-18
-18
-18
-18
-18
-18
-17
-17
-16
-16
-16
-15
-15
-14
-14
-14
-14
-15
-16
-17
-17
-16
-13
-7
3
17
35
55
76
96
113
125
130
128
118
101
78
52
26
0
-23
-43
-57
-67
-72
-73
-71
-67
-61
-55
-48
-41
-36
-31
-27
-23
-21
-18
-16
-14
-12
-10
-9
-8
-8
-8
-8
-9
-10
-10
-10
-10
-9
-8
-7
-5
-4
-3
-2
-1
-1
0
-1
-1
-2
-3
-4
-5
-5
-4
-2
1
3
4
4
2
-2
-6
-12
-16
-20
-22
-21
-18
-13
-8
-2
3
7
9
11
12
12
13
13
14
16
18
20
22
24
25
26
27
28
30
31
33
35
38
40
42
44
45
46
46
46
46
47
47
48
50
51
52
53
52
51
49
46
43
39
36
32
29
26
24
21
19
16
14
11
9
6
4
1
-1
-2
-4
-6
-8
-9
-10
-11
-12
-12
-12
-11
-10
-10
-10
-10
-11
-12
-13
-14
-15
-15
-15
-14
-13
-12
-12
-11
-11
-11
-12
-12
-12
-12
-11
-11
-10
-11
-11
-12
-13
-14
-14
-13
-13
-11
-10
-9
-9
-9
-9
-9
-10
-10
-10
-10
-10
-9
-9
-9
-9
-9
-9
-9
-8
-7
-6
-5
-4
-5
-5
-6
-8
-9
-10
-10
-9
-8
-7
-6
-5
-5
-5
-5
-5
-5
-6
-6
-6
-6
-5
-5
-5
-5
-5
-5
-4
-4
-4
-4
-4
-5
-6
-6
-7
-8
-9
-9
-9
-8
-8
-8
-8
-8
-8
-8
-9
-9
-9
-8
-8
-7
-6
-6
-5
-5
-5
-6
-6
-6
-6
-6
-6
-6
-6
-6
-6
-6
-7
-7
-7
-7
-7
-7
-7
-7
-7
-7
-7
-7
-7
-7
-6
-5
-5
-5
-4
-4
-4
-3
-2
-2
-1
0
1
2
2
2
2
1
1
1
1
0
0
-1
-2
-3
-5
-6
-7
-8
-8
-7
-6
-5
-4
-4
-4
-4
-5
-5
-5
-5
-5
-4
-4
-4
-4
-5
-5
-6
-7
-7
-7
-7
-7
-6
-6
-6
-6
-6
-6
-6
-5
-2
2
9
19
32
48
66
85
103
118
128
132
128
117
98
74
48
21
-4
-26
-42
-54
-60
-63
-62
-59
-56
-52
-47
-42
-38
-33
-27
-22
-17
-13
-10
-7
-5
-5
-4
-4
-3
-3
-2
-1
0
0
1
1
1
1
2
3
4
5
5
6
6
6
5
5
5
5
6
7
8
9
9
9
8
7
7
6
7
8
9
11
13
14
15
15
14
13
13
12
13
14
15
17
19
21
23
24
25
26
27
28
29
30
32
33
35
36
38
40
43
45
48
50
51
52
52
52
51
51
51
52
53
54
56
57
57
56
54
52
48
45
42
38
35
32
29
26
23
20
17
14
11
8
6
3
0
-2
-3
-4
-5
-5
-5
-5
-5
-5
-6
-7
-8
-10
-11
-13
-14
-14
-15
-15
-15
-15
-15
-14
-14
-13
-13
-12
-11
-10
-10
-10
-10
-11
-12
-13
-14
-14
-14
-13
-12
-11
-10
-10
-10
-11
-12
-13
-14
-15
-16
-15
-15
-14
-12
-12
-11
-11
-11
-11
-11
-10
-10
-9
-8
-8
-7
-7
-7
-8
-8
-8
-8
-8
-7
-7
-7
-7
-8
-8
-8
-8
-8
-8
-7
-7
-7
-8
-10
-11
-13
-13
-14
-13
-11
-10
-9
-8
-8
-9
-10
-11
-12
-12
-12
-11
-10
-9
-8
-9
-10
-11
-12
-13
-13
-13
-12
-11
-10
-9
-9
-9
-9
-10
-10
-11
-11
-11
-11
-11
-12
-12
-13
-13
-13
-13
-12
-12
-11
-10
-9
-9
-10
-10
-10
-11
-11
-11
-10
-10
-9
-8
-8
-7
-6
-6
-5
-4
-3
-2
-1
0
0
0
-1
-2
-4
-6
-8
-9
-11
-12
-13
-13
-13
-13
-13
-13
-13
-12
-12
-12
-12
-12
-12
-12
-12
-12
-12
-12
-12
-12
-12
-12
-13
-14
-15
-16
-16
-16
-15
-14
-13
-13
-14
-15
-16
-17
-17
-14
-9
-1
12
28
46
65
85
102
115
123
124
118
105
85
61
34
7
-18
-40
-57
-68
-73
-74
-72
-67
-61
-56
-50
-46
-42
-37
-33
-29
-24
-19
-15
-12
-10
-9
-9
-10
-10
-10
-10
-9
-7
-5
-3
-2
-2
-2
-2
-3
-3
-4
-3
-3
-1
0
0
1
1
0
0
-1
-2
-2
-1
0
2
3
5
7
8
9
9
9
8
8
8
8
9
10
12
13
13
14
14
14
14
15
16
17
19
21
23
25
27
28
29
30
31
32
34
36
39
42
45
47
48
48
48
48
48
48
48
49
50
52
53
54
53
52
49
46
42
39
35
32
30
28
25
23
20
17
14
11
7
4
2
0
-1
-3
-4
-5
-7
-8
-10
-11
-12
-12
-12
-12
-12
-13
-14
-15
-17
-18
-18
-18
-18
-17
-15
-14
-13
-13
-13
-14
-15
-16
-17
-17
-17
-17
-17
-17
-18
-18
-19
-19
-19
-18
-18
-17
-16
-15
-15
-16
-16
-17
-17
-17
-17
-17
-16
-15
-15
-15
-15
-16
-17
-18
-18
-19
-19
-18
-17
-17
-16
-15
-14
-13
-13
-12
-12
-12
-12
-12
-13
-14
-14
-15
-16
-16
-17
-16
-16
-15
-14
-13
-12
-12
-12
-12
-12
-13
-14
-15
-15
-16
-16
-16
-15
-15
-14
-13
-12
-11
-10
-9
-9
-10
-10
-11
-12
-13
-13
-13
-13
-13
-13
-13
-13
-14
-14
-15
-15
-15
-14
-14
-12
-11
-11
-10
-10
-10
-10
-10
-11
-11
-10
-10
-11
-11
-11
-12
-13
-13
-13
-12
-11
-10
-9
-9
-8
-8
-8
-8
-9
-8
-8
-7
-7
-6
-6
-5
-5
-5
-4
-3
-2
-1
0
0
-1
-2
-5
-7
-9
-11
-12
-12
-12
-12
-11
-12
-12
-13
-14
-15
-15
-15
-14
-13
-12
-11
-11
-11
-11
-12
-13
-13
-13
-13
-12
-12
-12
-13
-13
-13
-13
-13
-13
-12
-12
-12
-12
-12
-12
-10
-6
1
12
27
46
66
86
105
119
128
129
122
108
88
64
38
12
-13
-33
-50
-61
-68
-71
-70
-67
-62
-56
-49
-43
-37
-32
-27
-22
-18
-14
-11
-7
-5
-3
-2
-2
-3
-3
-4
-5
-5
-4
-3
-1
0
1
2
2
2
1
0
0
0
1
1
2
3
3
3
3
3
2
2
3
4
5
6
7
8
8
7
6
6
6
6
7
8
9
11
12
14
14
15
15
16
17
18
19
21
23
25
28
30
33
35
37
38
39
40
41
41
41
42
43
45
46
48
49
50
51
52
53
53
53
54
54
54
54
52
51
48
44
41
37
33
30
28
25
23
21
18
15
11
8
4
1
-2
-3
-4
-5
-5
-5
-5
-6
-7
-8
-10
-11
-12
-12
-12
-12
-12
-12
-12
-12
-12
-12
-13
-13
-14
-14
-14
-14
-14
-14
-14
-14
-14
-14
-13
-13
-13
-13
-14
-14
-15
-15
-15
-15
-15
-15
-15
-15
-15
-16
-16
-16
-16
-15
-14
-13
-12
-11
-10
-11
-11
-12
-13
-13
-13
-12
-11
-9
-8
-7
-7
-7
-8
-10
-11
-12
-12
-11
-10
-8
-7
-6
-6
-6
-7
-8
-8
-8
-8
-8
-8
-8
-8
-8
-9
-9
-10
-11
-11
-12
-12
-12
-13
-13
-13
-13
-13
-12
-11
-10
-9
-8
-8
-8
-8
-9
-9
-10
-10
-10
-10
-10
-9
-9
-9
-10
-10
-11
-11
-12
-12
-12
-11
-11
-10
-10
-9
-9
-9
-10
-10
-10
-10
-10
-10
-10
-10
-11
-11
-12
-12
-13
-12
-12
-11
-11
-11
-11
-11
-11
-11
-11
-10
-9
-7
-4
-2
0
2
2
2
1
-1
-3
-4
-6
-7
-8
-10
-11
-13
-14
-15
-16
-16
-15
-13
-11
-10
-9
-8
-8
-9
-11
-12
-13
-14
-14
-13
-12
-11
-10
-9
-9
-10
-11
-12
-12
-12
-12
-11
-11
-10
-10
-10
-11
-11
-10
-7
0
11
26
45
67
88
108
124
133
135
128
113
92
66
38
11
-13
-33
-48
-58
-64
-66
-65
-63
-58
-53
-48
-42
-36
-30
-25
-20
-16
-13
-12
-10
-10
-10
-9
-9
-8
-7
-5
-4
-2
-1
0
0
1
0
0
0
-1
-1
-1
-1
-1
0
0
1
2
3
4
6
7
8
8
8
8
7
6
5
5
4
4
5
5
6
8
9
11
12
13
14
15
16
16
16
16
16
17
18
20
22
24
26
28
30
32
33
34
35
36
38
40
42
44
45
47
48
48
48
49
49
51
52
53
54
55
55
55
53
51
49
46
43
41
38
35
32
28
25
21
17
13
9
6
4
2
0
-1
-2
-3
-3
-4
-4
-5
-6
-8
-9
-10
-11
-11
-11
-11
-11
-10
-10
-10
-11
-12
-13
-14
-14
-14
-13
-12
-10
-9
-9
-9
-10
-12
-13
-15
-15
-15
-14
-12
-11
-9
-9
-9
-10
-11
-12
-13
-13
-13
-13
-12
-11
-10
-10
-10
-11
-11
-12
-13
-13
-13
-12
-11
-10
-10
-9
-8
-8
-8
-8
-8
-8
-8
-8
-7
-8
-8
-9
-9
-10
-11
-11
-11
-11
-10
-10
-9
-8
-8
-8
-8
-8
-8
-8
-8
-8
-8
-8
-8
-8
-8
-8
-8
-7
-7
-6
-6
-6
-7
-8
-9
-11
-11
-12
-11
-10
-9
-8
-8
-8
-8
-9
-10
-11
-12
-12
-12
-12
-11
-11
-10
-10
-10
-9
-9
-8
-8
-8
-8
-8
-9
-10
-11
-11
-11
-11
-10
-9
-8
-7
-7
-7
-8
-8
-8
-8
-7
-6
-5
-4
-4
-4
-5
-5
-6
-7
-7
-7
-6
-4
-3
-1
0
1
1
1
0
-1
-3
-4
-6
-8
-9
-11
-12
-13
-14
-14
-15
-14
-14
-13
-13
-12
-11
-11
-11
-10
-10
-10
-10
-11
-11
-11
-11
-12
-12
-12
-11
-11
-10
-10
-10
-10
-11
-12
-13
-15
-16
-16
-15
-12
-6
3
15
29
46
64
82
98
111
120
122
117
105
87
63
36
9
-17
-39
-56
-67
-73
-73
-71
-66
-60
-54
-48
-43
-38
-34
-30
-26
-23
-20
-17
-14
-12
-11
-9
-8
-7
-6
-5
-5
-5
-5
-6
-6
-6
-6
-5
-3
-2
-1
0
0
0
-1
-1
-1
-1
1
2
4
5
5
5
4
3
3
2
2
3
4
6
7
7
7
7
6
6
6
7
9
11
13
15
17
18
19
19
20
20
21
23
25
27
29
30
32
33
35
36
37
39
41
43
46
48
50
52
53
53
53
52
51
51
50
51
51
52
52
52
52
50
47
44
40
36
32
28
25
22
20
17
15
12
9
7
4
1
-1
-3
-5
-7
-8
-9
-10
-11
-11
-11
-11
-11
-11
-11
-11
-12
-12
-12
-13
-13
-13
-13
-14
-15
-16
-16
-17
-18
-18
-18
-17
-17
-16
-16
-16
-16
-17
-17
-17
-16
-16
-15
-14
-13
-13
-13
-13
-13
-14
-14
-14
-13
-13
-12
-11
-11
-11
-10
-10
-10
-10
-9
-9
-8
-8
-8
-8
-9
-9
-9
-10
-9
-9
-9
-9
-8
-8
-9
-9
-10
-10
-10
-10
-9
-9
-9
-9
-9
-10
-12
-13
-15
-16
-16
-16
-15
-14
-12
-11
-11
-10
-11
-11
-12
-13
-13
-13
-13
-13
-13
-13
-13
-13
-13
-13
-12
-12
-11
-10
-10
-11
-12
-13
-14
-14
-15
-15
-14
-13
-13
-12
-12
-12
-13
-13
-13
-13
-13
-13
-12
-12
-11
-12
-12
-12
-12
-12
-11
-10
-9
-8
-8
-8
-9
-10
-12
-13
-14
-14
-13
-12
-10
-8
-6
-5
-4
-2
-2
-1
-1
-2
-3
-5
-7
-9
-12
-13
-14
-14
-14
-13
-12
-12
-12
-12
-13
-14
-14
-14
-14
-13
-12
-11
-11
-11
-12
-13
-14
-16
-17
-17
-17
-17
-17
-16
-16
-15
-15
-15
-15
-15
-16
-15
-14
-11
-6
2
14
28
46
65
83
101
114
122
123
116
103
83
59
33
6
-18
-39
-54
-65
-71
-73
-71
-68
-63
-57
-52
-46
-41
-36
-31
-26
-23
-19
-17
-15
-14
-13
-12
-11
-10
-9
-8
-6
-5
-4
-4
-4
-4
-5
-5
-5
-5
-5
-4
-3
-2
-1
-1
0
0
0
0
0
1
1
1
2
2
3
4
5
5
6
7
7
8
8
9
9
10
11
11
12
12
13
13
15
16
18
20
22
24
25
26
27
28
28
29
31
33
35
37
40
41
43
44
44
45
45
46
48
51
54
57
60
62
63
63
62
60
57
54
52
49
47
44
42
39
36
32
29
25
21
18
15
13
12
10
9
8
6
4
2
0
-2
-3
-4
-4
-4
-4
-4
-3
-4
-4
-5
-6
-7
-7
-8
-8
-8
-8
-9
-9
-9
-10
-10
-11
-11
-12
-12
-12
-12
-12
-12
-12
-12
-12
-12
-12
-12
-12
-11
-11
-10
-9
-9
-8
-7
-6
-6
-6
-5
-5
-5
-5
-5
-4
-3
-2
-1
0
1
1
0
0
-2
-3
-4
-5
-5
-5
-5
-4
-4
-3
-3
-3
-3
-3
-3
-3
-2
-1
0
1
2
1
0
-2
-4
-7
